{
  "id": 0,
  "metadata": {
    "date": "2019-03-01",
    "label": "Scan 1 de plante à silique",
    "nbPhotos": 72
  },
  "filesUri": {
    "mesh": "data/2018-11-08_15-37-38/3d/mesh.ply",
    "pointCloud": "data/2018-11-08_15-37-38/3d/point_cloud.ply"
  },
  "workspace": {
    "x": [
      200,
      600
    ],
    "y": [
      200,
      600
    ],
    "z": [
      -100,
      240
    ]
  },
  "camera": {
    "params": [
      1142.15218014503,
      1142.15218014503,
      808.0,
      540.0,
      0.005622901472134816,
      0.005622901472134816,
      0.0,
      0.0
    ],
    "poses": [{
      "tvec": [-399.56538792981416, 29.41821264511164, -24.630099706977045],
      "rotmat": [
        [0.04970944207964756, 0.9976526933513987, 0.047096441657844657],
        [-0.328624963559709, -0.028191318928296516, 0.944039661699901],
        [0.9431514219326134, -0.06240475130776263, 0.3264522052624336]
      ],
      "id": 0,
      "photoUri": "2018-11-08_15-37-38/undist/rgb-071.jpg"
    }, {
      "tvec": [-431.4460893831793, 20.331180895975013, 7.684063733051119],
      "rotmat": [
        [0.13225101989875143, 0.9900433084403597, 0.04820700310335696],
        [-0.3309232885001691, -0.00174324460407016, 0.9436560486885487],
        [0.9343443930714062, -0.14075229486838736, 0.3273978415098496]
      ],
      "id": 1,
      "photoUri": "2018-11-08_15-37-38/undist/rgb-070.jpg"
    }, {
      "tvec": [-459.9781164296788, 9.884665840264994, 45.04798624794652],
      "rotmat": [
        [0.21859090198516862, 0.9745116626779354, 0.05044835848663659],
        [-0.3310128901203345, 0.025417124244106915, 0.9432838577911439],
        [0.9179588684377387, -0.22289232624710398, 0.3281318740333844]
      ],
      "id": 2,
      "photoUri": "2018-11-08_15-37-38/undist/rgb-069.jpg"
    }, {
      "tvec": [-485.5435304411835, -1.5014590043228002, 82.68029396909128],
      "rotmat": [
        [0.3026932549456795, 0.9517035615866861, 0.051352938315219754],
        [-0.32831478889494103, 0.05353587554703204, 0.943050003670157],
        [0.8947548227326076, -0.30231480428955115, 0.32866330233859425]
      ],
      "id": 3,
      "photoUri": "2018-11-08_15-37-38/undist/rgb-068.jpg"
    }, {
      "tvec": [-507.0087149181429, -13.679417126622385, 122.74387699851867],
      "rotmat": [
        [0.38300828314760876, 0.9222432560254408, 0.05265008790034864],
        [-0.32341075572508554, 0.08048738487375934, 0.9428293928158542],
        [0.8652803812185101, -0.3781390717603467, 0.32909072348909074]
      ],
      "id": 4,
      "photoUri": "2018-11-08_15-37-38/undist/rgb-067.jpg"
    }, {
      "tvec": [-524.270560585494, -27.463780930571343, 166.72304216884618],
      "rotmat": [
        [0.4656612724792186, 0.8833160185369051, 0.05396657029258983],
        [-0.31533111957730675, 0.10863709566724367, 0.942742948247882],
        [0.8268771760903535, -0.45601621993202873, 0.32912511727266647]
      ],
      "id": 5,
      "photoUri": "2018-11-08_15-37-38/undist/rgb-066.jpg"
    }, {
      "tvec": [-539.3157176097401, -41.535536259365216, 209.3812094638771],
      "rotmat": [
        [0.5408445040550285, 0.839362674619477, 0.054383112168286396],
        [-0.3055978322663976, 0.1358521367006169, 0.9424193131870525],
        [0.7836435333412438, -0.5263216672430607, 0.32998229534769874]
      ],
      "id": 6,
      "photoUri": "2018-11-08_15-37-38/undist/rgb-065.jpg"
    }, {
      "tvec": [-549.7433149515858, -55.17739757226485, 252.22295001661288],
      "rotmat": [
        [0.6094058858653624, 0.7908973610476322, 0.05572997901080173],
        [-0.29411508109017076, 0.16022842754315397, 0.9422436893300856],
        [0.7362885204510357, -0.5905998774931638, 0.33025898830627604]
      ],
      "id": 7,
      "photoUri": "2018-11-08_15-37-38/undist/rgb-064.jpg"
    }, {
      "tvec": [-557.3443675874163, -69.69575054786071, 295.89970420550145],
      "rotmat": [
        [0.6745772639008067, 0.7360277781496607, 0.0566447245573245],
        [-0.28021196678380633, 0.18431495162820716, 0.9420770946570363],
        [0.6829544411593297, -0.6513763185734998, 0.3305784670881971]
      ],
      "id": 8,
      "photoUri": "2018-11-08_15-37-38/undist/rgb-063.jpg"
    }, {
      "tvec": [-560.4869484333977, -84.84030220277002, 340.5702369903715],
      "rotmat": [
        [0.7357223559838706, 0.6748090195260195, 0.05783945082618985],
        [-0.26458070696483366, 0.20774665655636643, 0.9417209651439433],
        [0.6234658486296838, -0.7081483699451574, 0.33138530706186237]
      ],
      "id": 9,
      "photoUri": "2018-11-08_15-37-38/undist/rgb-062.jpg"
    }, {
      "tvec": [-557.6620781690982, -99.75826854410408, 384.9407595413109],
      "rotmat": [
        [0.7914375497170917, 0.6083870565756191, 0.05909140622002984],
        [-0.24626552989935796, 0.22888757422475728, 0.9417875382212778],
        [0.5594460596708091, -0.7599181980692139, 0.3309749817766363]
      ],
      "id": 10,
      "photoUri": "2018-11-08_15-37-38/undist/rgb-061.jpg"
    }, {
      "tvec": [-552.9699654359649, -115.27170763855894, 429.1166035069353],
      "rotmat": [
        [0.8406278877882486, 0.5382910485088719, 0.059895754172453186],
        [-0.22650287932957353, 0.24894185921577883, 0.9416604464378889],
        [0.4919768286495618, -0.8051525928824989, 0.3311919416992343]
      ],
      "id": 11,
      "photoUri": "2018-11-08_15-37-38/undist/rgb-060.jpg"
    }, {
      "tvec": [-541.4787539375351, -130.70229149155207, 474.04463397548204],
      "rotmat": [
        [0.8851448960458892, 0.461230636126725, 0.0615208363243597],
        [-0.2046378028113026, 0.2671131098914028, 0.9416867611816075],
        [0.4179017619781885, -0.8461187191064148, 0.33081902985355227]
      ],
      "id": 12,
      "photoUri": "2018-11-08_15-37-38/undist/rgb-059.jpg"
    }, {
      "tvec": [-526.9847100843865, -145.30490963511772, 515.8447566778719],
      "rotmat": [
        [0.9216758508736445, 0.3828290633873992, 0.06289303731153503],
        [-0.18180820994530156, 0.28299809162411727, 0.94173130718565],
        [0.34272350475686464, -0.8794054743763168, 0.3304339736227753]
      ],
      "id": 13,
      "photoUri": "2018-11-08_15-37-38/undist/rgb-058.jpg"
    }, {
      "tvec": [-509.0888275462703, -160.61145345465675, 558.1003034703663],
      "rotmat": [
        [0.9513861659852221, 0.30132272987501174, 0.06378852273419049],
        [-0.15725826541794063, 0.2971492320541725, 0.9417920003097053],
        [0.2648286259634335, -0.9060391527689553, 0.3300891584406152]
      ],
      "id": 14,
      "photoUri": "2018-11-08_15-37-38/undist/rgb-057.jpg"
    }, {
      "tvec": [-486.74188055008455, -174.50935137849973, 597.2078553268374],
      "rotmat": [
        [0.9740918991842639, 0.2165485647764699, 0.06520499242270536],
        [-0.13169748012380544, 0.3087714183455407, 0.9419745139556182],
        [0.18384979105953292, -0.9261570764757641, 0.32929063761551436]
      ],
      "id": 15,
      "photoUri": "2018-11-08_15-37-38/undist/rgb-056.jpg"
    }, {
      "tvec": [-461.58644826713186, -188.34136432874877, 634.3586333445164],
      "rotmat": [
        [0.9890956816835256, 0.13158783228656695, 0.0661390570625581],
        [-0.10534096833780844, 0.31827273286274316, 0.9421283075599276],
        [0.10292236328735765, -0.9388221929152523, 0.3286637753466936]
      ],
      "id": 16,
      "photoUri": "2018-11-08_15-37-38/undist/rgb-055.jpg"
    }, {
      "tvec": [-436.6415048700663, -201.28366746726994, 668.520219596966],
      "rotmat": [
        [0.996682615605321, 0.04842973062178295, 0.06540890567833527],
        [-0.07763782878082696, 0.32466361362866303, 0.9426377382259726],
        [0.024415800055185902, -0.9445888519231421, 0.3273465587572068]
      ],
      "id": 17,
      "photoUri": "2018-11-08_15-37-38/undist/rgb-054.jpg"
    }, {
      "tvec": [-402.6732790841469, -214.70582758609814, 702.5032101620077],
      "rotmat": [
        [0.9968927907546334, -0.03972168523866332, 0.0680216984736414],
        [-0.05113012813611088, 0.33059021859954757, 0.94238835803669],
        [-0.05992056189842777, -0.9429381183768658, 0.3275320307598522]
      ],
      "id": 18,
      "photoUri": "2018-11-08_15-37-38/undist/rgb-053.jpg"
    }, {
      "tvec": [-366.68342021832893, -227.86317579403084, 733.4353072406984],
      "rotmat": [
        [0.989514951518421, -0.12752648377368822, 0.06780233519441867],
        [-0.021598573073860018, 0.3335111372565465, 0.9424987124484671],
        [-0.1428063806791216, -0.9340810014458941, 0.32725986673462665]
      ],
      "id": 19,
      "photoUri": "2018-11-08_15-37-38/undist/rgb-052.jpg"
    }, {
      "tvec": [-319.37114754713934, -241.4691144364072, 766.9841953072577],
      "rotmat": [
        [0.9724551767524894, -0.22262910899295896, 0.06904497835676307],
        [0.009321429421793731, 0.3331229057721233, 0.9428373351768967],
        [-0.23290349967490656, -0.9162234495356133, 0.3260223157396477]
      ],
      "id": 20,
      "photoUri": "2018-11-08_15-37-38/undist/rgb-051.jpg"
    }, {
      "tvec": [-287.7884682472071, -252.3759444659203, 806.3729607709213],
      "rotmat": [
        [0.9540523390039395, -0.29111954570708254, 0.07094747739288568],
        [0.02975690014146473, 0.3276569187311181, 0.9443280523745975],
        [-0.2981587854400455, -0.8988272101549505, 0.3212646649570811]
      ],
      "id": 21,
      "photoUri": "2018-11-08_15-37-38/undist/rgb-050.jpg"
    }, {
      "tvec": [-242.4306661124507, -262.02725751050104, 827.3855028423425],
      "rotmat": [
        [0.9247442803659722, -0.37383306792227233, 0.07139224928689406],
        [0.05771172163036778, 0.3231514440599165, 0.9445858888361872],
        [-0.3761879491914637, -0.8693802283982611, 0.32040699953856877]
      ],
      "id": 22,
      "photoUri": "2018-11-08_15-37-38/undist/rgb-049.jpg"
    }, {
      "tvec": [-197.83096884016481, -270.0787262298043, 843.7842293766407],
      "rotmat": [
        [0.888867508890558, -0.45260375841564593, 0.07116452421484576],
        [0.0852970299172997, 0.3160830176184179, 0.9448893811767187],
        [-0.45015438276882414, -0.833811347872687, 0.3195616807953551]
      ],
      "id": 23,
      "photoUri": "2018-11-08_15-37-38/undist/rgb-048.jpg"
    }, {
      "tvec": [-140.45266437017412, -278.08400368865426, 857.5782261772629],
      "rotmat": [
        [0.841744048855471, -0.5349211670718864, 0.07298151296629365],
        [0.11302060172340053, 0.3067839506617994, 0.9450449466572577],
        [-0.5279141026743639, -0.7872375452395481, 0.3186906769309884]
      ],
      "id": 24,
      "photoUri": "2018-11-08_15-37-38/undist/rgb-047.jpg"
    }, {
      "tvec": [-90.05662457503816, -283.3743359596416, 865.5303378295138],
      "rotmat": [
        [0.7911996373084375, -0.6070284096293278, 0.07429430547414823],
        [0.13789340843637723, 0.2954327217053141, 0.945359674862213],
        [-0.595809148832741, -0.7377235368677616, 0.3174514786837904]
      ],
      "id": 25,
      "photoUri": "2018-11-08_15-37-38/undist/rgb-046.jpg"
    }, {
      "tvec": [-45.429944559829195, -286.6750923535866, 869.3282166291449],
      "rotmat": [
        [0.7382855534025056, -0.6703613056990079, 0.07449940576056668],
        [0.1606647568623767, 0.28205927051212554, 0.9458485099742565],
        [-0.6550734901822158, -0.6863368617083664, 0.31594372081242805]
      ],
      "id": 26,
      "photoUri": "2018-11-08_15-37-38/undist/rgb-045.jpg"
    }, {
      "tvec": [6.9320446947962155, -289.3046681344691, 868.8373709120955],
      "rotmat": [
        [0.6746716893644125, -0.7342056911955072, 0.07589541874380556],
        [0.1835368146937525, 0.26646482569973257, 0.9462086103586687],
        [-0.7149352063105028, -0.6244505582357496, 0.31453004800308043]
      ],
      "id": 27,
      "photoUri": "2018-11-08_15-37-38/undist/rgb-044.jpg"
    }, {
      "tvec": [54.305670742666344, -290.2442400480494, 863.9612707557673],
      "rotmat": [
        [0.610350386565698, -0.7884878806156962, 0.07588983951274852],
        [0.20430591433504308, 0.2492601393966584, 0.9466406267827725],
        [-0.7653309734924003, -0.5622777294452681, 0.3132287598274603]
      ],
      "id": 28,
      "photoUri": "2018-11-08_15-37-38/undist/rgb-043.jpg"
    }, {
      "tvec": [105.96923197274575, -290.23212276497014, 855.9403415003825],
      "rotmat": [
        [0.5371156467422477, -0.8400969516016301, 0.0757884815410968],
        [0.22456211608430365, 0.2290211949999068, 0.9471647946690978],
        [-0.8130674252756636, -0.4917178094704957, 0.3116648164376924]
      ],
      "id": 29,
      "photoUri": "2018-11-08_15-37-38/undist/rgb-042.jpg"
    }, {
      "tvec": [152.95486220903308, -288.10718768140026, 842.4619601780206],
      "rotmat": [
        [0.46194678258489197, -0.8836932129003263, 0.07544186857021407],
        [0.2424776229933419, 0.2076579560823657, 0.9476722933710753],
        [-0.853117677936031, -0.41948120190253246, 0.3102027544098238]
      ],
      "id": 30,
      "photoUri": "2018-11-08_15-37-38/undist/rgb-041.jpg"
    }, {
      "tvec": [198.47996136225285, -284.83813983300035, 825.2680930788961],
      "rotmat": [
        [0.3843730021600648, -0.92012815531671, 0.07497714987866233],
        [0.2584993720827531, 0.18524033567762482, 0.9480844333026798],
        [-0.886247973110958, -0.3450365137655861, 0.3090539343305782]
      ],
      "id": 31,
      "photoUri": "2018-11-08_15-37-38/undist/rgb-040.jpg"
    }, {
      "tvec": [245.10153081000263, -280.78655238326104, 805.0565319624453],
      "rotmat": [
        [0.30066271038515996, -0.9508207007782984, 0.07444413714534631],
        [0.2730373611988083, 0.16060087981218657, 0.9485030083205552],
        [-0.9138120889840762, -0.2648534545272487, 0.3078962709282815]
      ],
      "id": 32,
      "photoUri": "2018-11-08_15-37-38/undist/rgb-039.jpg"
    }, {
      "tvec": [286.111363587979, -274.82898180051086, 780.6905939309238],
      "rotmat": [
        [0.2183861697020542, -0.9730555361826669, 0.07396218214147054],
        [0.28470242340385177, 0.13602408147945116, 0.9489162130376134],
        [-0.9334088123597503, -0.18617296463754912, 0.30673704739927715]
      ],
      "id": 33,
      "photoUri": "2018-11-08_15-37-38/undist/rgb-038.jpg"
    }, {
      "tvec": [329.11506920226645, -267.8206864035316, 752.4394257016804],
      "rotmat": [
        [0.13040573075213535, -0.9887054896881382, 0.0738633877339826],
        [0.29437206332282767, 0.10975093238084876, 0.9493681167895811],
        [-0.946752044477361, -0.10205972517145745, 0.3053594255559566]
      ],
      "id": 34,
      "photoUri": "2018-11-08_15-37-38/undist/rgb-037.jpg"
    }, {
      "tvec": [365.8321362644853, -260.33414927538377, 722.3696605851067],
      "rotmat": [
        [0.04416387159462498, -0.996279279783616, 0.07400776391442393],
        [0.3019450736208185, 0.08392686942621852, 0.9496238482180368],
        [-0.9523018035065838, -0.019592785972242288, 0.30452815596583827]
      ],
      "id": 35,
      "photoUri": "2018-11-08_15-37-38/undist/rgb-036.jpg"
    }, {
      "tvec": [287.7346426260669, 25.884379489305264, -122.89684941987646],
      "rotmat": [
        [-0.9759921641561996, 0.21340123906914432, 0.0435798883597909],
        [-0.023724370678723225, -0.30305533295189657, 0.9526776051767533],
        [0.2165096989550271, 0.9287719721940199, 0.30084244036577446]
      ],
      "id": 36,
      "photoUri": "2018-11-08_15-37-38/undist/rgb-015.jpg"
    }, {
      "tvec": [245.1173283313202, 35.63760015365827, -146.5673317811996],
      "rotmat": [
        [-0.95333737701502, 0.2988419034902573, 0.042911097683952154],
        [-0.05155562622009001, -0.30119111224527506, 0.9521690665577772],
        [0.29747245753376284, 0.9055260518741436, 0.3025437264033908]
      ],
      "id": 37,
      "photoUri": "2018-11-08_15-37-38/undist/rgb-014.jpg"
    }, {
      "tvec": [202.05123238973917, 43.725342938996775, -164.88319647178537],
      "rotmat": [
        [-0.9248345545942509, 0.37806665675461604, 0.04179293814558965],
        [-0.07813640094884369, -0.2963626844337006, 0.9518738688093147],
        [0.37225763857201816, 0.8770602957183948, 0.30362721913416535]
      ],
      "id": 38,
      "photoUri": "2018-11-08_15-37-38/undist/rgb-013.jpg"
    }, {
      "tvec": [154.24521414607085, 50.94579258874785, -179.6885876897721],
      "rotmat": [
        [-0.8873104092534041, 0.45932042555813635, 0.04129145547991214],
        [-0.10565245433995382, -0.28961661216708234, 0.9512937384682011],
        [0.4489073362315446, 0.8397302927856983, 0.305508164957247]
      ],
      "id": 39,
      "photoUri": "2018-11-08_15-37-38/undist/rgb-012.jpg"
    }, {
      "tvec": [107.43770471157937, 57.38367553540431, -191.95233381373077],
      "rotmat": [
        [-0.8441621485220617, 0.5345457444060013, 0.040633903824903894],
        [-0.13189625005829858, -0.2805628917831382, 0.9507301630719636],
        [0.5196091283100945, 0.797210957583824, 0.3073451526949892]
      ],
      "id": 40,
      "photoUri": "2018-11-08_15-37-38/undist/rgb-011.jpg"
    }, {
      "tvec": [60.08301881292594, 61.92073236160955, -199.03987132871956],
      "rotmat": [
        [-0.79485856251619, 0.6054565661641559, 0.040276694047620853],
        [-0.15682309725347954, -0.26909530030990136, 0.9502600883542095],
        [0.5861794791380215, 0.7490060519380558, 0.3088422775425095]
      ],
      "id": 41,
      "photoUri": "2018-11-08_15-37-38/undist/rgb-010.jpg"
    }, {
      "tvec": [10.806643118561034, 65.50016383911087, -202.4720671959531],
      "rotmat": [
        [-0.739357388016169, 0.6721308181300609, 0.03988503611285521],
        [-0.18104261817791173, -0.25550713158150606, 0.9497050469036575],
        [0.6485169413278234, 0.6949505515004694, 0.31059540849793366]
      ],
      "id": 42,
      "photoUri": "2018-11-08_15-37-38/undist/rgb-009.jpg"
    }, {
      "tvec": [-38.96949189972898, 67.90958350496993, -202.0489465209541],
      "rotmat": [
        [-0.6777494790068412, 0.7342206832019971, 0.03969423212946799],
        [-0.20427745924288748, -0.23987539499698807, 0.9490682349127009],
        [0.7063471974540749, 0.6351218648680201, 0.31256015967384965]
      ],
      "id": 43,
      "photoUri": "2018-11-08_15-37-38/undist/rgb-008.jpg"
    }, {
      "tvec": [-87.21164788842799, 68.99227445078172, -197.83148203772404],
      "rotmat": [
        [-0.6104379802188316, 0.7910389901239733, 0.0402838480038602],
        [-0.22546648904405153, -0.22229574589462053, 0.9485512446227158],
        [0.7592959466667145, 0.5699490481269347, 0.3140505499353551]
      ],
      "id": 44,
      "photoUri": "2018-11-08_15-37-38/undist/rgb-007.jpg"
    }, {
      "tvec": [-136.46571249680323, 68.49465477635718, -188.58222520654272],
      "rotmat": [
        [-0.5382421463308884, 0.8418099772531646, 0.04063685654852589],
        [-0.2453630854029683, -0.20264559982843133, 0.9480146186592858],
        [0.8062830447396587, 0.5002906385964084, 0.3156214959380039]
      ],
      "id": 45,
      "photoUri": "2018-11-08_15-37-38/undist/rgb-006.jpg"
    }, {
      "tvec": [-357.482140491183, 45.758974216373474, -88.57010632363733],
      "rotmat": [
        [-0.12968904112063706, 0.9906601392194757, 0.042109870278342565],
        [-0.3137218289061189, -0.0812826296546102, 0.9460294647547884],
        [0.9406164822503429, 0.10947886863719686, 0.3213331769999944]
      ],
      "id": 46,
      "photoUri": "2018-11-08_15-37-38/undist/rgb-001.jpg"
    }, {
      "tvec": [-395.9362039586689, 37.96015715009913, -61.329588272255116],
      "rotmat": [
        [-0.04800407038698318, 0.9979987334689397, 0.04115989821019478],
        [-0.3202044434624673, -0.0544084074122545, 0.9457847744543965],
        [0.9461314515505619, 0.032221936584478694, 0.3221754540457306]
      ],
      "id": 47,
      "photoUri": "2018-11-08_15-37-38/undist/rgb-000.jpg"
    }, {
      "tvec": [-317.40341533009143, 53.02120387915159, -115.8546521281979],
      "rotmat": [
        [-0.21610437782918634, 0.975511798399934, 0.040934448397247136],
        [-0.3051115293927072, -0.1072977989148517, 0.9462526813593033],
        [0.9274728311463918, 0.19199977481902075, 0.3208274208273694]
      ],
      "id": 48,
      "photoUri": "2018-11-08_15-37-38/undist/rgb-002.jpg"
    }, {
      "tvec": [-274.6727832540272, 58.78916635965179, -138.97722385034606],
      "rotmat": [
        [-0.30074632744524743, 0.9528371149655472, 0.04065807265880578],
        [-0.2936448324564129, -0.1330760425860682, 0.9466062958069086],
        [0.9073722273134888, 0.2727493340665814, 0.31981782606101705]
      ],
      "id": 49,
      "photoUri": "2018-11-08_15-37-38/undist/rgb-003.jpg"
    }, {
      "tvec": [-229.7090216843386, 63.63239583030004, -160.01548955509213],
      "rotmat": [
        [-0.3826906605333138, 0.9229884063516662, 0.04050012445644374],
        [-0.27987556628533267, -0.15759666588887333, 0.9470126494916398],
        [0.8804643807315775, 0.3510779011004855, 0.31863267506933013]
      ],
      "id": 50,
      "photoUri": "2018-11-08_15-37-38/undist/rgb-004.jpg"
    }, {
      "tvec": [-183.9213986734194, 66.57622735292021, -175.95603246017035],
      "rotmat": [
        [-0.46206861053476744, 0.8859196850744787, 0.040483462747225474],
        [-0.26344004275737565, -0.18070429713323632, 0.9475997577403528],
        [0.8468128146352425, 0.42719113824507127, 0.31688450320963774]
      ],
      "id": 51,
      "photoUri": "2018-11-08_15-37-38/undist/rgb-005.jpg"
    }, {
      "tvec": [328.0980466465607, 15.446790250031198, -97.08231687156234],
      "rotmat": [
        [-0.9909553245052264, 0.12657006167087206, 0.04458210765961546],
        [0.004184890089586897, -0.30291580467441237, 0.9530081332147128],
        [0.13412692320962252, 0.944575055126423, 0.2996463477221689]
      ],
      "id": 52,
      "photoUri": "2018-11-08_15-37-38/undist/rgb-016.jpg"
    }, {
      "tvec": [365.28833350623955, 3.9643808460381993, -68.48847536446233],
      "rotmat": [
        [-0.9980595470598959, 0.04167818663644508, 0.046260882841703974],
        [0.03164114878070588, -0.3004014713902651, 0.9532878860503796],
        [0.05362814770653043, 0.9529018232458483, 0.2984998107676199]
      ],
      "id": 53,
      "photoUri": "2018-11-08_15-37-38/undist/rgb-017.jpg"
    }, {
      "tvec": [400.60414793480913, -8.353968536748042, -36.98280376217985],
      "rotmat": [
        [-0.9978693609253719, -0.044238307305446464, 0.04795529890574571],
        [0.05893464516703005, -0.29584622639043734, 0.9534158158587337],
        [-0.027990107635141287, 0.9542106593919853, 0.29782305380424456]
      ],
      "id": 54,
      "photoUri": "2018-11-08_15-37-38/undist/rgb-018.jpg"
    }, {
      "tvec": [431.68447934360813, -21.681574414651493, -1.3553897391903695],
      "rotmat": [
        [-0.9900924129462015, -0.13136600477814853, 0.04959825213649896],
        [0.08610746945964319, -0.2890015964796576, 0.9534482581322732],
        [-0.11091671438347281, 0.9482726664946304, 0.2974498822483185]
      ],
      "id": 55,
      "photoUri": "2018-11-08_15-37-38/undist/rgb-019.jpg"
    }, {
      "tvec": [459.8582255371708, -35.32250621318782, 35.29225424758271],
      "rotmat": [
        [-0.975228908338067, -0.21516129312889018, 0.05132440239151935],
        [0.11190219909048596, -0.2797478713174515, 0.9535297721267376],
        [-0.19080480649201698, 0.9356531122336197, 0.29689523301509135]
      ],
      "id": 56,
      "photoUri": "2018-11-08_15-37-38/undist/rgb-020.jpg"
    }, {
      "tvec": [484.6256448524127, -50.14436588750644, 75.81487819191038],
      "rotmat": [
        [-0.95271951962327, -0.29919150962398744, 0.0530090322277709],
        [0.13732654130358685, -0.26835853923800945, 0.9534805270542424],
        [-0.2710478518313688, 0.9156790567589503, 0.29675735379369994]
      ],
      "id": 57,
      "photoUri": "2018-11-08_15-37-38/undist/rgb-021.jpg"
    }, {
      "tvec": [505.29160780765915, -65.26394662647942, 117.90767618966706],
      "rotmat": [
        [-0.9220736396733503, -0.3831607269180614, 0.05447990792176674],
        [0.16198463737237273, -0.25424409639301737, 0.953478325241135],
        [-0.3514842532388647, 0.888002137833531, 0.2964979307317279]
      ],
      "id": 58,
      "photoUri": "2018-11-08_15-37-38/undist/rgb-022.jpg"
    }, {
      "tvec": [521.4667247299978, -81.06762002545554, 162.11746921351033],
      "rotmat": [
        [-0.8848987114686876, -0.4623532305472198, 0.05642482293818582],
        [0.18506739150329043, -0.237835862211486, 0.9535114908842404],
        [-0.4274392717605906, 0.8542034844512567, 0.29602715434248184]
      ],
      "id": 59,
      "photoUri": "2018-11-08_15-37-38/undist/rgb-023.jpg"
    }, {
      "tvec": [534.5855434574325, -96.52327751111484, 205.8990828015865],
      "rotmat": [
        [-0.84212836344742, -0.5361156227865271, 0.05830830542541843],
        [0.20618672784883793, -0.22018288389362362, 0.9534183399218185],
        [-0.49830397623976375, 0.8149230249811948, 0.29596217768346667]
      ],
      "id": 60,
      "photoUri": "2018-11-08_15-37-38/undist/rgb-024.jpg"
    }, {
      "tvec": [543.9655727046015, -112.38245408755645, 251.10816669665297],
      "rotmat": [
        [-0.7923727012665251, -0.6070494431646778, 0.06030319926044925],
        [0.2261450334943857, -0.2004908799216778, 0.9532375521841632],
        [-0.5665720837752368, 0.7689566831894281, 0.29614471676006615]
      ],
      "id": 61,
      "photoUri": "2018-11-08_15-37-38/undist/rgb-025.jpg"
    }, {
      "tvec": [547.900513585277, -128.38501648696058, 297.5844218286324],
      "rotmat": [
        [-0.7367138547783563, -0.6733289828837169, 0.062295882579788575],
        [0.24426051659377343, -0.17908071903195422, 0.9530303752264886],
        [-0.6305469817634198, 0.7173271059145736, 0.2963989320312471]
      ],
      "id": 62,
      "photoUri": "2018-11-08_15-37-38/undist/rgb-026.jpg"
    }, {
      "tvec": [549.1891014156145, -144.2676989692714, 343.78162746967735],
      "rotmat": [
        [-0.6759223962900082, -0.7341714463804039, 0.0641965849035524],
        [0.2603624160613211, -0.1563951287216081, 0.9527601880929236],
        [-0.6894492921863687, 0.6607063273738624, 0.29686162175643005]
      ],
      "id": 63,
      "photoUri": "2018-11-08_15-37-38/undist/rgb-027.jpg"
    }, {
      "tvec": [545.5899892917072, -160.15387647623834, 390.7649456055998],
      "rotmat": [
        [-0.6087213495522106, -0.7906000684337254, 0.06640670441999097],
        [0.2746739563835848, -0.1314787661154665, 0.952505932656245],
        [-0.7443201839826218, 0.5980508890164308, 0.2971911806610906]
      ],
      "id": 64,
      "photoUri": "2018-11-08_15-37-38/undist/rgb-028.jpg"
    }, {
      "tvec": [536.8008557996242, -175.34493850191578, 436.41785982588675],
      "rotmat": [
        [-0.5377631669304581, -0.8403438280940367, 0.06806634173499176],
        [0.2868432133345495, -0.10644628357208707, 0.9520452508560722],
        [-0.7927999415091016, 0.5314992373446561, 0.2982898145180527]
      ],
      "id": 65,
      "photoUri": "2018-11-08_15-37-38/undist/rgb-029.jpg"
    }, {
      "tvec": [523.8462135571161, -190.13198701100976, 482.89112220269084],
      "rotmat": [
        [-0.4623499323173569, -0.8839843372497734, 0.06931256439646533],
        [0.29637011332172525, -0.08038948854692785, 0.9516839212999403],
        [-0.8357016788398854, 0.46055316916534406, 0.29915461279404465]
      ],
      "id": 66,
      "photoUri": "2018-11-08_15-37-38/undist/rgb-030.jpg"
    }, {
      "tvec": [509.1615558103077, -203.60920809174027, 525.8536924334659],
      "rotmat": [
        [-0.385216300512671, -0.9201246710103432, 0.07056197005072612],
        [0.3031715487299806, -0.05396386525934249, 0.9514068074629994],
        [-0.8716050790696421, 0.3878897923951846, 0.2997433820714376]
      ],
      "id": 67,
      "photoUri": "2018-11-08_15-37-38/undist/rgb-031.jpg"
    }, {
      "tvec": [488.29521962448666, -216.50639207521232, 568.2223463616059],
      "rotmat": [
        [-0.3036681228884639, -0.95008231778114, 0.0716188563229942],
        [0.3078690965948555, -0.02670994893270484, 0.9510537303380286],
        [-0.9016663964589477, 0.31085393365313746, 0.3006119449208671]
      ],
      "id": 68,
      "photoUri": "2018-11-08_15-37-38/undist/rgb-032.jpg"
    }, {
      "tvec": [461.725952429215, -229.2798752312488, 612.1428070843307],
      "rotmat": [
        [-0.2163103688552126, -0.9736302965029642, 0.07248358474352834],
        [0.3097421101286933, 0.0019702631855904595, 0.9508185648566209],
        [-0.9258885729604543, 0.22812313296667186, 0.3011481141676365]
      ],
      "id": 69,
      "photoUri": "2018-11-08_15-37-38/undist/rgb-033.jpg"
    }, {
      "tvec": [435.0652437541701, -240.2690721820406, 649.7788861652319],
      "rotmat": [
        [-0.13255015742452048, -0.9884744061195436, 0.07313551950557878],
        [0.3096220869250141, 0.028801204292923432, 0.9504234077080997],
        [-0.9415756045347259, 0.14862314448931996, 0.3022359043316539]
      ],
      "id": 70,
      "photoUri": "2018-11-08_15-37-38/undist/rgb-034.jpg"
    }, {
      "tvec": [401.2595130382779, -250.76946569664204, 687.6303255221876],
      "rotmat": [
        [-0.04302102574860622, -0.99634181191292, 0.0738389137082689],
        [0.3068033698374678, 0.057161131665275366, 0.9500548917210621],
        [-0.9508001281025953, 0.06352636351015595, 0.30322189488766116]
      ],
      "id": 71,
      "photoUri": "2018-11-08_15-37-38/undist/rgb-035.jpg"
    }]
  },
  "data": {
    "skeleton": {
      "points": [
        [391.15278094390163, 320.82062865190204, 182.00773808698244],
        [497.6764404790707, 380.823570793846, 79.60078071478071],
        [470.1096570078551, 382.1379253633142, 81.26177248177156],
        [463.2141751794654, 401.6469187610692, 79.29897930791944],
        [476.82480506919507, 392.7532638149948, 73.08953274290944],
        [468.1198108050694, 424.35584008549733, 49.16474525051224],
        [393.52321491088395, 472.04131234362194, 181.14959537834588],
        [333.21566273001525, 437.9747365255092, 195.47340126904928],
        [417.7941175443892, 379.1082968875936, 165.6580546057948],
        [402.4678000259715, 383.91991266436753, 185.99964860289478],
        [520.4131545194409, 373.1884867284949, 61.66529748512569],
        [396.8739076519383, 387.42459853923157, 183.91091839148282],
        [424.07917893652433, 407.3094498261167, 106.51995475047177],
        [392.75564141553446, 396.76767046762234, 147.36831600315665],
        [426.5378410442882, 376.0077631683169, 154.06462894534397],
        [482.59459911142807, 440.58088885341397, 165.8815676180715],
        [492.01130890158475, 418.1277965943348, 179.55594746345488],
        [517.1711817419418, 378.05631333078145, 34.77562402860482],
        [515.4149114347989, 379.6148304259186, 29.9153848795856],
        [524.1511008762105, 419.25561552265367, 165.8980450489661],
        [530.3693357980202, 454.7069702229457, 159.37093113294233],
        [460.54764050357653, 374.77734050346, 78.99617879245665],
        [472.7370241335722, 420.2083840458012, 59.47607382512849],
        [391.0912060567149, 317.4745927945658, 179.12879434226488],
        [384.222384600062, 317.30443878039466, 183.77550757730822],
        [396.21868473423336, 342.28421916720686, 203.9367885651726],
        [393.18762081485426, 356.0697124191707, 215.6914789442208],
        [460.56350417760694, 386.3955290276009, 80.55322589731391],
        [544.3109371361643, 369.1475747435085, 16.915361626300403],
        [417.0425289454477, 303.2796007980699, 166.04913035063035],
        [441.7629684860977, 351.85661985382507, 117.93612826074953],
        [492.5265681274089, 387.0246874660604, 74.2879211532472],
        [470.3620417203148, 386.94880613440404, 78.56636644964358],
        [394.5881605812162, 398.169012188765, 138.85729650331282],
        [487.3844843576291, 396.2385347886349, 87.92619396995035],
        [440.64234528747016, 322.80224136571525, 72.60249158721695],
        [441.76827294664275, 325.4010195014395, 81.15306057758795],
        [442.60686268341425, 324.9146945157074, 71.33148782607748],
        [428.16261851663023, 316.13575965800766, 72.76332834523768],
        [456.025576352729, 290.5633165809784, 38.98076561153341],
        [439.8139010401295, 280.23287478236574, 45.318414099695346],
        [429.8488063386696, 271.1227202519731, 52.47265174768214],
        [414.58556815888335, 216.49096172889824, 55.859776881260345],
        [410.3056100678519, 215.1772696731763, 67.20780501531306],
        [414.14781045101716, 210.50327099219228, 78.57240009168687],
        [414.0870254356852, 218.66919673186985, 54.553121798326536],
        [336.2016054025424, 395.02365826586384, 64.53843999261748],
        [394.1204590580397, 214.74128347382697, 65.88371754443381],
        [413.3707388176728, 221.81953935830725, 53.09461888962781],
        [411.6249438222044, 268.28980604117254, 58.82195406783766],
        [399.49026960516176, 265.69924153273706, 109.25631111385005],
        [470.97218001353303, 389.6924875531848, 74.13856964454148],
        [452.89120711226883, 407.73981250514464, 155.8536974499438],
        [397.122772206146, 331.6225395932456, 193.36580407367342],
        [336.2940747689197, 430.6761945765602, 223.7494189849956],
        [486.164829513292, 396.2961613916203, 85.64264465641365],
        [374.807654145342, 462.825104686839, 161.89908166504833],
        [326.7526183337648, 538.3150096887406, 82.42289074956352],
        [428.9138765811035, 282.2168825553986, 38.31032304306821],
        [399.9736793608689, 256.3285852418143, 117.49933263394476],
        [375.6881412715075, 399.82567988363525, 168.21898559753893],
        [349.140095012662, 552.9305820743588, 117.77153355778006],
        [317.6522525126025, 496.6108288957444, 41.395157280865334],
        [338.1495717286162, 547.0661640716172, 74.73144762066029],
        [402.85654972237194, 268.87727581795446, 112.8343623842222],
        [339.00628967006315, 512.8552068963915, 130.6167658749517],
        [309.98815661759056, 535.3340788758703, 88.57167125873795],
        [341.33775670424933, 502.5101403867423, 119.51483508027],
        [332.22411457539516, 532.1917287581539, 60.031826857363626],
        [335.1764015165762, 535.2876073147471, 66.160006604815],
        [344.51949277640716, 544.8385523015024, 74.22254616179983],
        [336.5077100800392, 535.9334917522137, 68.48963644661119],
        [360.1590147043371, 497.9203233179691, 103.57999165430468],
        [492.074009253717, 434.1702418762785, 139.01738254278501],
        [340.1670027044581, 410.93124713889637, 90.4590003857423],
        [327.1279027970897, 451.2750563667398, 73.19092693292488],
        [334.27678781175825, 376.93779564292254, 80.2721675175193],
        [372.49280077044955, 405.7027888586276, 143.20965750357735],
        [307.86002654232334, 451.6425526771947, 50.473131828953605],
        [441.93540947838613, 414.8903757302865, 85.31729077602373],
        [348.99624777614946, 531.0482761420536, 96.8694540089588],
        [285.09508818023966, 462.0367715153307, 33.143276322988555],
        [258.39575655618677, 473.01015485924955, 17.14581570682206],
        [335.38576747541157, 429.4287483245791, 104.89285965306114],
        [249.8392296634776, 478.8477469975054, 21.41552454308297],
        [255.35596295476304, 467.77390467379126, 26.288163474175004],
        [256.7107366460009, 472.94643273456944, 22.230773032328145],
        [253.05580885534022, 475.047153972196, 11.739730411682903],
        [353.8936465341112, 400.07760668120613, 81.61987910608299],
        [260.20463264692876, 472.2221181580191, 17.025723812806724],
        [422.07132867221947, 211.6051746310487, 84.46518162573545],
        [346.66129561778837, 479.59864749379733, 99.88390776286857],
        [443.30190587131983, 347.05931091785953, 105.9544184258712],
        [442.15770538414864, 354.2623689794944, 116.77288918018168],
        [276.5195350970411, 465.1824809774589, 27.98486391139991],
        [313.105091437215, 420.2015100359149, 122.87654709996123],
        [357.49738359974754, 497.15312255043847, 104.1550083160545],
        [342.40507351758515, 499.0284726900516, 115.03692052486122],
        [338.7128522755555, 498.3910145063286, 121.28563347459485],
        [321.53735182450623, 392.6764512051005, 78.7029622279578],
        [352.5730445379572, 509.63784231862036, 124.64514991758143],
        [324.3744854478243, 479.04449454240967, 89.24648296070647],
        [324.7326522782498, 538.7085320792364, 82.85804103394658],
        [367.05401409229523, 410.5645201439071, 174.70355369120713],
        [394.1785469315898, 350.7043066869785, 211.05612773483134],
        [329.4486572283543, 421.81521527308735, 118.75168290920847],
        [250.62545505636393, 475.89385658784624, 21.3750970435208],
        [242.192929285917, 489.8454297347926, 23.60740797394942],
        [240.708851033787, 454.309387759981, 41.96101550791175],
        [333.2634988789258, 429.0912424846084, 87.05087303864826],
        [333.2868670774971, 431.30846561109644, 85.37468782049837],
        [441.4743434483974, 343.1454582305441, 120.709555961883],
        [352.4214090812322, 400.0438045519668, 81.90473846597007],
        [406.9423868160386, 406.05102651976733, 119.0088961954934],
        [302.7568009450252, 455.22329927940535, 44.547050959899416],
        [391.2433043582971, 366.7260891994603, 226.49699312448516],
        [403.28774387269067, 411.9738576886843, 121.30990102763334],
        [323.9236028125764, 482.8755064969661, 93.616728316431],
        [472.1559303439764, 413.733947598193, 183.5666428410977],
        [469.5795937107301, 412.5081101755732, 187.26249464905746],
        [463.5340165149525, 388.3949630889675, 224.34444740782808],
        [512.446499128873, 434.7009562723412, 143.55432121278616],
        [237.50289258886636, 493.9540466727123, 27.718111117159587],
        [356.5951437011073, 421.8018580544722, 188.55956955023288],
        [317.7494575239367, 475.6830832853837, 47.9366979857277],
        [343.2352651967543, 400.81023119164513, 83.65462840642809],
        [364.82476068775196, 392.08691610761537, 176.86954173759483],
        [299.00721202299906, 503.1330142150317, 67.77519700512929],
        [341.5376166793137, 410.7307690060813, 110.34056080597105],
        [339.69289021901267, 410.95603925033726, 111.80485161945244],
        [515.933944172936, 379.0511136541849, 31.43331032239761],
        [342.2318313696164, 528.7076116818497, 75.3671800458408],
        [326.14313451698143, 389.8273356436037, 77.73638667182526],
        [444.4582479735166, 408.4879614328018, 145.56526242746884],
        [404.5236270588926, 289.4479500883919, 134.11143347060332],
        [445.92857861127476, 408.7399906509954, 147.17973115457343],
        [396.0920937483435, 404.9690900905081, 91.11958428313652],
        [396.2168795302771, 404.1009081084209, 96.40085230239639],
        [442.7590500514766, 333.3920689895062, 91.65760948958331],
        [357.0616174793595, 401.0200063669428, 80.71015925526162],
        [495.21829670522345, 434.3329219140675, 138.6412653742387],
        [410.4243913127938, 452.13958963809546, 17.219571501908064],
        [373.97806496326854, 413.1154501083661, 203.15660605302386],
        [431.22009072277524, 496.25989343641885, 68.78044178112839],
        [397.9133511867982, 386.35763987731497, 185.83487488663306],
        [421.49960516382924, 474.82645544725796, 49.39469750852191],
        [506.39787745946387, 428.81107643058914, 152.7708810330501],
        [383.4941014452285, 410.385979905543, 71.63826348074723],
        [420.86940855663596, 421.83570807889754, 25.103828625558283],
        [437.14733667352385, 405.38361256214023, 223.66286566400004],
        [484.95864077370555, 390.37394078813725, 157.69426286689819],
        [455.03934346380595, 438.8086032158906, 10.290736970202971],
        [428.0957712945138, 207.6333879321231, 57.47207355165298],
