{
    "workspace": {
        "x": [
            200,
            600
        ],
        "y": [
            200,
            600
        ],
        "z": [
            -150,
            170
        ]
    },
    "poses": {
        "rgb-071": {
            "tvec": [
                -434.2072671252134,
                23.726415518694317,
                -28.459104617234225
            ],
            "rotmat": [
                [
                    0.049888122785334166,
                    0.9974765831623816,
                    0.050513772851128846
                ],
                [
                    -0.05647055802090162,
                    -0.047678729333134995,
                    0.9972651677693276
                ],
                [
                    0.9971570845567728,
                    -0.05260422807985726,
                    0.05394945696074194
                ]
            ],
            "qvec": [
                0.5138479469680064,
                -0.5107879685245452,
                -0.4605658723029717,
                -0.5127718945858243
            ]
        },
        "rgb-070": {
            "tvec": [
                -466.0539866714845,
                23.632368759658778,
                11.346708185236738
            ],
            "rotmat": [
                [
                    0.1382585407655229,
                    0.989060069230878,
                    0.05142718501337057
                ],
                [
                    -0.06122000267323563,
                    -0.043291839070456306,
                    0.9971850018640409
                ],
                [
                    0.9885022443970868,
                    -0.14101771563498322,
                    0.054564793585367644
                ]
            ],
            "qvec": [
                0.536081032885989,
                -0.5307978867352929,
                -0.43700252475776763,
                -0.48979538888455787
            ]
        },
        "rgb-069": {
            "tvec": [
                -494.0729543702809,
                23.095825793374896,
                54.60905307487258
            ],
            "rotmat": [
                [
                    0.22623856926061486,
                    0.9725836893487756,
                    0.05382450177785397
                ],
                [
                    -0.0654093741707224,
                    -0.03996367981980792,
                    0.9970579311483632
                ],
                [
                    0.9718733063262435,
                    -0.22909358678929465,
                    0.05457476470413303
                ]
            ],
            "qvec": [
                0.5569671566046197,
                -0.5503697585206444,
                -0.412074928324766,
                -0.46591304855716537
            ]
        },
        "rgb-068": {
            "tvec": [
                -518.6437031109751,
                22.619843631471138,
                96.1749135716172
            ],
            "rotmat": [
                [
                    0.30883354550386355,
                    0.9495741348071194,
                    0.05413689755447898
                ],
                [
                    -0.07048185895119491,
                    -0.03391402431742285,
                    0.9969363803740846
                ],
                [
                    0.9485010009115948,
                    -0.31170306617020704,
                    0.05645396186092422
                ]
            ],
            "qvec": [
                0.576925793115407,
                -0.5670744236783127,
                -0.38755595348213573,
                -0.4420221828920138
            ]
        },
        "rgb-067": {
            "tvec": [
                -537.399020555175,
                21.075857067337527,
                141.35016249579456
            ],
            "rotmat": [
                [
                    0.3893421020843477,
                    0.9194652147014167,
                    0.0547398072577821
                ],
                [
                    -0.07445414607983036,
                    -0.027818883191496613,
                    0.996836340564238
                ],
                [
                    0.9180791402031008,
                    -0.39218596187530186,
                    0.05762693495128557
                ]
            ],
            "qvec": [
                0.5956404439433527,
                -0.5829952937898725,
                -0.3623575857398566,
                -0.4171641511618761
            ]
        },
        "rgb-066": {
            "tvec": [
                -553.3136946210744,
                20.196529423194598,
                189.87872597051233
            ],
            "rotmat": [
                [
                    0.4705456572984649,
                    0.8805306160475856,
                    0.057031733275565544
                ],
                [
                    -0.0788904312503998,
                    -0.022393413313708976,
                    0.9966317448773583
                ],
                [
                    0.8788418994646772,
                    -0.4734599975108998,
                    0.058928316642318734
                ]
            ],
            "qvec": [
                0.613816047490426,
                -0.598750940285244,
                -0.3347135389947303,
                -0.3907608196382932
            ]
        },
        "rgb-065": {
            "tvec": [
                -564.6170662111981,
                17.698203537171704,
                238.55585296625105
            ],
            "rotmat": [
                [
                    0.5465013334531428,
                    0.8354712750727418,
                    0.05765449732903832
                ],
                [
                    -0.08141183485492204,
                    -0.015517558817618904,
                    0.9965597415679088
                ],
                [
                    0.8334916950273061,
                    -0.5493149860477768,
                    0.05953688288648676
                ]
            ],
            "qvec": [
                0.6305792292650487,
                -0.6128788643329681,
                -0.30758910288026764,
                -0.36350829022560227
            ]
        },
        "rgb-064": {
            "tvec": [
                -572.34871794228,
                16.06367641906334,
                283.71579527804755
            ],
            "rotmat": [
                [
                    0.61303231292166,
                    0.7878815196135396,
                    0.05860114645106862
                ],
                [
                    -0.08323859151174212,
                    -0.009350723943113287,
                    0.9964857755356478
                ],
                [
                    0.7856606902455164,
                    -0.6157558566617127,
                    0.05984985204442328
                ]
            ],
            "qvec": [
                0.6448898047385636,
                -0.625006636928831,
                -0.28185417820692465,
                -0.337701148601051
            ]
        },
        "rgb-063": {
            "tvec": [
                -578.2176530314192,
                13.74026885514705,
                333.37373319482384
            ],
            "rotmat": [
                [
                    0.6793856435811176,
                    0.7313769706051236,
                    0.059353804969375146
                ],
                [
                    -0.08503927536599737,
                    -0.0018652970239797784,
                    0.9963758539387826
                ],
                [
                    0.7288370661136113,
                    -0.6819708553416959,
                    0.06092851158053167
                ]
            ],
            "qvec": [
                0.6592512529638584,
                -0.6364594309585972,
                -0.25388016258383156,
                -0.30959980822967004
            ]
        },
        "rgb-062": {
            "tvec": [
                -577.4395779485277,
                9.922855305747712,
                383.18274879365646
            ],
            "rotmat": [
                [
                    0.7414982862055146,
                    0.668378204760983,
                    0.05874408016788091
                ],
                [
                    -0.08533862172934092,
                    0.007106977191907449,
                    0.9963266585395225
                ],
                [
                    0.6655055305522422,
                    -0.7437876486442077,
                    0.062308286196134544
                ]
            ],
            "qvec": [
                0.6728509399550462,
                -0.6465452464478941,
                -0.22544423079237266,
                -0.2800459885441642
            ]
        },
        "rgb-061": {
            "tvec": [
                -571.0086105311135,
                7.346893719922669,
                431.4000998535945
            ],
            "rotmat": [
                [
                    0.7972010756947824,
                    0.6007775206851453,
                    0.05947113207676269
                ],
                [
                    -0.08449287495283991,
                    0.013490474564214483,
                    0.9963327562507599
                ],
                [
                    0.5977720292831421,
                    -0.7993024319589189,
                    0.061516040763952076
                ]
            ],
            "qvec": [
                0.6841431851270151,
                -0.6561620532243951,
                -0.19670622645551925,
                -0.2504119059195046
            ]
        },
        "rgb-060": {
            "tvec": [
                -562.916697520924,
                4.195939820995907,
                479.7026076439903
            ],
            "rotmat": [
                [
                    0.8462780474166463,
                    0.5292976862835195,
                    0.0604766546328567
                ],
                [
                    -0.08426776418462939,
                    0.02090633730201097,
                    0.9962238046643629
                ],
                [
                    0.5260346094887602,
                    -0.8481785686726163,
                    0.062295306921789154
                ]
            ],
            "qvec": [
                0.6945285616229989,
                -0.6639044364953525,
                -0.16758056492593018,
                -0.22085681006204674
            ]
        },
        "rgb-059": {
            "tvec": [
                -548.3949428947053,
                1.4145283051235336,
                526.407963530634
            ],
            "rotmat": [
                [
                    0.889068441945021,
                    0.45349548885940494,
                    0.0624431511186149
                ],
                [
                    -0.08407909932816074,
                    0.027682843619576777,
                    0.9960744777501828
                ],
                [
                    0.44998667824016536,
                    -0.8908285478998209,
                    0.06274143489814751
                ]
            ],
            "qvec": [
                0.703472231232823,
                -0.6705677004276482,
                -0.13772523985857518,
                -0.1910432865436193
            ]
        },
        "rgb-058": {
            "tvec": [
                -530.9608319662032,
                -1.301360320116278,
                571.6082461742758
            ],
            "rotmat": [
                [
                    0.9249047279146659,
                    0.37454598391449,
                    0.0653188350678755
                ],
                [
                    -0.08442872102842625,
                    0.03482260002637951,
                    0.995820856174898
                ],
                [
                    0.37070613071083935,
                    -0.9265542037360412,
                    0.06383002579091368
                ]
            ],
            "qvec": [
                0.7112589812670135,
                -0.6756944764642843,
                -0.10734040050325865,
                -0.16132474845003494
            ]
        },
        "rgb-057": {
            "tvec": [
                -510.1988972440357,
                -4.038345798348462,
                616.0422933552907
            ],
            "rotmat": [
                [
                    0.9536450910379486,
                    0.29320150485053065,
                    0.06777844710973432
                ],
                [
                    -0.08341044506234427,
                    0.041129587423390866,
                    0.9956661361585437
                ],
                [
                    0.2891431098845768,
                    -0.9551655534993744,
                    0.06367909715526468
                ]
            ],
            "qvec": [
                0.7173656277688186,
                -0.6798596190500089,
                -0.07714499210930287,
                -0.13124825588738812
            ]
        },
        "rgb-056": {
            "tvec": [
                -485.33867799415145,
                -7.159496580206207,
                656.9103936972906
            ],
            "rotmat": [
                [
                    0.9753367616229877,
                    0.2096508964605993,
                    0.06902682840787633
                ],
                [
                    -0.08051663291067283,
                    0.04676286073018122,
                    0.9956557169428888
                ],
                [
                    0.20551222165971372,
                    -0.9766574304583961,
                    0.06248992141851328
                ]
            ],
            "qvec": [
                0.721905385727881,
                -0.6830234219033585,
                -0.047265679114660654,
                -0.10048668949834152
            ]
        },
        "rgb-055": {
            "tvec": [
                -458.2585910040492,
                -10.960153800982983,
                695.2886820827899
            ],
            "rotmat": [
                [
                    0.9894479948330493,
                    0.12652569677460387,
                    0.07059683829010413
                ],
                [
                    -0.07784888600790432,
                    0.053313619768106744,
                    0.995538652637129
                ],
                [
                    0.12219744869753393,
                    -0.9905296088471676,
                    0.06260093872212164
                ]
            ],
            "qvec": [
                0.7254933758007853,
                -0.6843853878376607,
                -0.017781213491602894,
                -0.070426067831744
            ]
        },
        "rgb-054": {
            "tvec": [
                -427.4604370728745,
                -14.266771135413213,
                732.3818012314667
            ],
            "rotmat": [
                [
                    0.9965921864198449,
                    0.03994096672346104,
                    0.07217155356585091
                ],
                [
                    -0.0744623797422046,
                    0.05919606373871936,
                    0.9954653083061054
                ],
                [
                    0.03548757486840752,
                    -0.9974470137380917,
                    0.061968434020251935
                ]
            ],
            "qvec": [
                0.7276257080702304,
                -0.6847312773382113,
                0.012604000343368385,
                -0.039307072714995187
            ]
        },
        "rgb-053": {
            "tvec": [
                -393.39562789965055,
                -18.437836731303097,
                765.2445701086684
            ],
            "rotmat": [
                [
                    0.9962907644249404,
                    -0.0447800369594588,
                    0.07348102483959702
                ],
                [
                    -0.07050375546684604,
                    0.06478705183719069,
                    0.9954053738951364
                ],
                [
                    -0.049334908398000976,
                    -0.9968938690774233,
                    0.06138958062412694
                ]
            ],
            "qvec": [
                0.7284345195153539,
                -0.683760581629934,
                0.04215064290174997,
                -0.008828425142627057
            ]
        },
        "rgb-052": {
            "tvec": [
                -355.55241415806654,
                -21.357153724203307,
                796.103235608435
            ],
            "rotmat": [
                [
                    0.9885170092413825,
                    -0.1314807031132625,
                    0.07447782991813533
                ],
                [
                    -0.06574684671367802,
                    0.0695469501782988,
                    0.9954097517445293
                ],
                [
                    -0.1360568799718731,
                    -0.9888761532314041,
                    0.060103901558717095
                ]
            ],
            "qvec": [
                0.7276963413709042,
                -0.6817012097510842,
                0.07232917699344996,
                0.022582859313181616
            ]
        },
        "rgb-051": {
            "tvec": [
                -314.3417691644539,
                -25.79567333088305,
                825.0639809188448
            ],
            "rotmat": [
                [
                    0.9730722411667874,
                    -0.2177410853110881,
                    0.0756256123161668
                ],
                [
                    -0.060530440230469704,
                    0.07519011076903036,
                    0.9953303537258607
                ],
                [
                    -0.22241060963036643,
                    -0.9731059896075509,
                    0.05998544584945894
                ]
            ],
            "qvec": [
                0.7259903232456473,
                -0.6778452412882121,
                0.10263092096535052,
                0.054136618645888056
            ]
        },
        "rgb-050": {
            "tvec": [
                -273.4533316799134,
                -29.08369721230233,
                847.3190361325969
            ],
            "rotmat": [
                [
                    0.9505764884262331,
                    -0.30085797083483523,
                    0.07673865412161661
                ],
                [
                    -0.05521005029847563,
                    0.07943082606840464,
                    0.9953103004672115
                ],
                [
                    -0.305542452037833,
                    -0.9503553152664725,
                    0.0588946920144104
                ]
            ],
            "qvec": [
                0.7226517153008509,
                -0.6730993556569895,
                0.132249428758465,
                0.08498143550177994
            ]
        },
        "rgb-049": {
            "tvec": [
                -228.3125162318189,
                -33.382362046226824,
                868.58841114981
            ],
            "rotmat": [
                [
                    0.9211537575590779,
                    -0.3815044749364058,
                    0.07700708109186363
                ],
                [
                    -0.04868111374074158,
                    0.08336627109526452,
                    0.9953291988124492
                ],
                [
                    -0.3861423365803762,
                    -0.9206000219678295,
                    0.05822109113611059
                ]
            ],
            "qvec": [
                0.7181123031585055,
                -0.6670019481470243,
                0.16123850532679534,
                0.11586744849370786
            ]
        },
        "rgb-048": {
            "tvec": [
                -183.09325650720717,
                -37.276329326468606,
                885.9400768060324
            ],
            "rotmat": [
                [
                    0.8836508502451359,
                    -0.4613015576771428,
                    0.07976244571031019
                ],
                [
                    -0.04352078325281933,
                    0.08869478064378167,
                    0.9951076209695173
                ],
                [
                    -0.46611920823552166,
                    -0.8827990194666016,
                    0.05829901322232861
                ]
            ],
            "qvec": [
                0.7125034463269715,
                -0.6589114235576405,
                0.1915364959846538,
                0.14658903636818402
            ]
        },
        "rgb-047": {
            "tvec": [
                -135.26906005017315,
                -39.53323728037478,
                897.6238450036157
            ],
            "rotmat": [
                [
                    0.8403977883525514,
                    -0.5362029358598699,
                    0.0788540988623716
                ],
                [
                    -0.036280256663810906,
                    0.0895101429235062,
                    0.9953249104137913
                ],
                [
                    -0.540754380757612,
                    -0.839329700349672,
                    0.05577054601115035
                ]
            ],
            "qvec": [
                0.7045705211842191,
                -0.6509833138064859,
                0.21985325137452738,
                0.1773856073185567
            ]
        },
        "rgb-046": {
            "tvec": [
                -85.16636259289497,
                -44.36163123280648,
                906.7791907370178
            ],
            "rotmat": [
                [
                    0.7894327771032461,
                    -0.6085777890611455,
                    0.08018082748702798
                ],
                [
                    -0.028788161159144954,
                    0.09377244281486527,
                    0.9951773564272893
                ],
                [
                    -0.6131615873586111,
                    -0.7879338827782322,
                    0.05650720447772606
                ]
            ],
            "qvec": [
                0.6963677951334046,
                -0.6401470787660158,
                0.2489138712656916,
                0.2081477747656786
            ]
        },
        "rgb-045": {
            "tvec": [
                -40.38558310871323,
                -46.37475170769712,
                910.5563027008318
            ],
            "rotmat": [
                [
                    0.7355391731180838,
                    -0.6727350559747813,
                    0.08006041013742998
                ],
                [
                    -0.022159783675085476,
                    0.09422002964571569,
                    0.9953047422779788
                ],
                [
                    -0.6771196857249382,
                    -0.733859748505236,
                    0.054394859385723415
                ]
            ],
            "qvec": [
                0.6863224574042297,
                -0.6298659151134162,
                0.27581062214040475,
                0.2369787208917311
            ]
        },
        "rgb-044": {
            "tvec": [
                10.419439908955779,
                -48.978994505397154,
                910.3411532500925
            ],
            "rotmat": [
                [
                    0.6720603841103635,
                    -0.736106941384699,
                    0.08050721057578758
                ],
                [
                    -0.015141754597584545,
                    0.09503696466879397,
                    0.9953585799169309
                ],
                [
                    -0.7403415207707436,
                    -0.6701600899723932,
                    0.052724628315967026
                ]
            ],
            "qvec": [
                0.674503887515692,
                -0.6173124798523035,
                0.304241660626246,
                0.26722054540061546
            ]
        },
        "rgb-043": {
            "tvec": [
                57.27500262962643,
                -51.47275405931398,
                905.7218446177176
            ],
            "rotmat": [
                [
                    0.6070331446025479,
                    -0.7905818282758253,
                    0.08056757507828821
                ],
                [
                    -0.007911762939299516,
                    0.09536663659636019,
                    0.995410773817267
                ],
                [
                    -0.79463712810385,
                    -0.6048847637561648,
                    0.05163581329382061
                ]
            ],
            "qvec": [
                0.6622000442639537,
                -0.6041586494275256,
                0.33041552577776656,
                0.2954809774312521
            ]
        },
        "rgb-042": {
            "tvec": [
                107.73511245683977,
                -54.08180390660429,
                898.1768054876363
            ],
            "rotmat": [
                [
                    0.5344537403507528,
                    -0.8413577633932592,
                    0.0804755453723851
                ],
                [
                    -0.0003647710146918448,
                    0.09498543087642428,
                    0.9954785958840737
                ],
                [
                    -0.8451976492910975,
                    -0.532066614155702,
                    0.05045841588566097
                ]
            ],
            "qvec": [
                0.6480543162252757,
                -0.5892813194028527,
                0.35709707176061056,
                0.32442997883152075
            ]
        },
        "rgb-041": {
            "tvec": [
                152.91058801547211,
                -56.261029249402135,
                885.0061023150013
            ],
            "rotmat": [
                [
                    0.45972632338045316,
                    -0.8844327510146652,
                    0.08018987793806742
                ],
                [
                    0.007466240628826393,
                    0.09414385114102872,
                    0.9955306075371104
                ],
                [
                    -0.8880292578749663,
                    -0.45707290909106274,
                    0.049883794293032246
                ]
            ],
            "qvec": [
                0.6331970405834415,
                -0.5735195458627352,
                0.38227402915563835,
                0.3521411718940113
            ]
        },
        "rgb-040": {
            "tvec": [
                197.77702238423737,
                -57.45626911543396,
                868.2324173879086
            ],
            "rotmat": [
                [
                    0.38248309215425946,
                    -0.9204481848972437,
                    0.08050977043493385
                ],
                [
                    0.013349739007048,
                    0.09263146065518757,
                    0.995610966675905
                ],
                [
                    -0.9238660447730287,
                    -0.37972957669406765,
                    0.047717710540051084
                ]
            ],
            "qvec": [
                0.6170154502420295,
                -0.5572553097456813,
                0.40694921610714435,
                0.3783527314988634
            ]
        },
        "rgb-039": {
            "tvec": [
                243.73639089012485,
                -59.82501435656048,
                847.722669654422
            ],
            "rotmat": [
                [
                    0.29864378392180796,
                    -0.9510003284407877,
                    0.08006413448216948
                ],
                [
                    0.021466393079757007,
                    0.09056505162608103,
                    0.995659161255553
                ],
                [
                    -0.9541232018418848,
                    -0.2956287312313873,
                    0.047461236577974464
                ]
            ],
            "qvec": [
                0.5993058635049937,
                -0.538659794238848,
                0.43141048640659474,
                0.40566377735450004
            ]
        },
        "rgb-038": {
            "tvec": [
                285.87365340686864,
                -61.924713531848155,
                822.763922053469
            ],
            "rotmat": [
                [
                    0.21429965543138396,
                    -0.9734096866816269,
                    0.08092737210837658
                ],
                [
                    0.028941366855271877,
                    0.0891436293961324,
                    0.9955982174665813
                ],
                [
                    -0.9763391085921629,
                    -0.21101420618636701,
                    0.047275255906222224
                ]
            ],
            "qvec": [
                0.5811020867140599,
                -0.5191051844590433,
                0.4548540200049149,
                0.4312284693404141
            ]
        },
        "rgb-037": {
            "tvec": [
                326.91344297779074,
                -62.911199659159955,
                794.5566595852458
            ],
            "rotmat": [
                [
                    0.12878010838388498,
                    -0.9884043576222186,
                    0.08045190810692088
                ],
                [
                    0.03519309489036021,
                    0.08563149989388597,
                    0.995705123165469
                ],
                [
                    -0.9910485002040381,
                    -0.12539566204352132,
                    0.04581264218525338
                ]
            ],
            "qvec": [
                0.5612985503417555,
                -0.4993335474171412,
                0.47724174935894587,
                0.4559059754783552
            ]
        },
        "rgb-036": {
            "tvec": [
                363.03559655207806,
                -64.15614190564548,
                763.9953321295735
            ],
            "rotmat": [
                [
                    0.04336030851673123,
                    -0.9958752658943346,
                    0.07970155848678595
                ],
                [
                    0.04196234699063406,
                    0.08152159672795489,
                    0.9957878241382361
                ],
                [
                    -0.9981778624475559,
                    -0.039833202818921665,
                    0.04532406505174852
                ]
            ],
            "qvec": [
                0.5408802941262594,
                -0.47867385732276724,
                0.4982060876684154,
                0.47969838435392465
            ]
        },
        "rgb-015": {
            "tvec": [
                291.258952372021,
                -12.735775954964316,
                -125.08778825717586
            ],
            "rotmat": [
                [
                    -0.9762238675808425,
                    0.20841475075124177,
                    0.05958399143058617
                ],
                [
                    0.05090875870534384,
                    -0.04674887263924665,
                    0.9976085611070311
                ],
                [
                    0.2107018240371532,
                    0.9769226348981057,
                    0.03502722899629995
                ]
            ],
            "qvec": [
                -0.054896467956079484,
                0.09420426750166931,
                0.6881946973686472,
                0.7172865482525775
            ]
        },
        "rgb-014": {
            "tvec": [
                248.73918190494885,
                -8.988849698882728,
                -151.22565164835305
            ],
            "rotmat": [
                [
                    -0.9537709738604294,
                    0.2947062901484756,
                    0.058899337587539916
                ],
                [
                    0.045619102618030954,
                    -0.05174257174967056,
                    0.9976179648267447
                ],
                [
                    0.29705189260069365,
                    0.9541859927790037,
                    0.03590632655526382
                ]
            ],
            "qvec": [
                -0.08716762722645968,
                0.12456451273735372,
                0.6830303938251019,
                0.7143913269639693
            ]
        },
        "rgb-013": {
            "tvec": [
                205.4293147653835,
                -5.764026887727293,
                -171.14689723346538
            ],
            "rotmat": [
                [
                    -0.9248377481107276,
                    0.3759112896039209,
                    0.058015877290581164
                ],
                [
                    0.03988734209321643,
                    -0.05583712150437936,
                    0.9976428297756889
                ],
                [
                    0.37826464229454143,
                    0.9249718472528893,
                    0.03664617550796134
                ]
            ],
            "qvec": [
                -0.11829127809442962,
                0.15358482825924763,
                0.6768224381435627,
                0.7101621373184909
            ]
        },
        "rgb-012": {
            "tvec": [
                156.57563725015225,
                -2.039749453694187,
                -188.38155076986263
            ],
            "rotmat": [
                [
                    -0.887213690830206,
                    0.45781054478190697,
                    0.05710842223295734
                ],
                [
                    0.03334973851041603,
                    -0.059819470914449946,
                    0.9976519562657121
                ],
                [
                    0.46015178120347544,
                    0.887035025230689,
                    0.037804791617731315
                ]
            ],
            "qvec": [
                -0.15064165250112263,
                0.1835762705706491,
                0.6688776846886927,
                0.7044213854935104
            ]
        },
        "rgb-011": {
            "tvec": [
                109.21332633923753,
                1.716795624851566,
                -201.9260673225976
            ],
            "rotmat": [
                [
                    -0.8447019405627662,
                    0.5322421349609694,
                    0.05654150140990763
                ],
                [
                    0.026460011231880742,
                    -0.06398400488250755,
                    0.9976000776487561
                ],
                [
                    0.5345825468672785,
                    0.844170810257844,
                    0.039964280220084025
                ]
            ],
            "qvec": [
                -0.18116176112442342,
                0.2117296531544751,
                0.6596881186326184,
                0.6979703119877947
            ]
        },
        "rgb-010": {
            "tvec": [
                61.11775105066545,
                5.374837070749463,
                -210.19111473107955
            ],
            "rotmat": [
                [
                    -0.795450801706342,
                    0.6035079851923104,
                    0.05510112407071294
                ],
                [
                    0.019407893014945887,
                    -0.06550757742579283,
                    0.9976633154469118
                ],
                [
                    0.6057073185569566,
                    0.7946614808262208,
                    0.040395236570909154
                ]
            ],
            "qvec": [
                -0.21179993947046735,
                0.2396150762934908,
                0.6499130687464363,
                0.6894478979050999
            ]
        },
        "rgb-009": {
            "tvec": [
                11.142126810925186,
                8.0913138933476,
                -214.3816940072793
            ],
            "rotmat": [
                [
                    -0.7397336974063387,
                    0.6706441576976376,
                    0.055049710876382496
                ],
                [
                    0.01285425154679054,
                    -0.06771115167696129,
                    0.9976221570092313
                ],
                [
                    0.6727769505108798,
                    0.7386823496501088,
                    0.04146759188420912
                ]
            ],
            "qvec": [
                -0.24187948590202363,
                0.26763308016125986,
                0.6384659258420077,
                0.6798735987239667
            ]
        },
        "rgb-008": {
            "tvec": [
                -38.73629910965446,
                10.84990988655544,
                -214.62538159545556
            ],
            "rotmat": [
                [
                    -0.6776854861218786,
                    0.733365435945134,
                    0.054014065397427646
                ],
                [
                    0.005790547661545131,
                    -0.06812904511424567,
                    0.9976597129129756
                ],
                [
                    0.7353290769835865,
                    0.6764122785497209,
                    0.041923477547096355
                ]
            ],
            "qvec": [
                -0.2720794673946259,
                0.2951779469427174,
                0.6260257509600816,
                0.6685316014937552
            ]
        },
        "rgb-007": {
            "tvec": [
                -86.97920502661806,
                13.894407218884071,
                -210.98323020209736
            ],
            "rotmat": [
                [
                    -0.6116056234853477,
                    0.789387813786116,
                    0.05296641168774563
                ],
                [
                    -0.001631809679164875,
                    -0.06820604377278705,
                    0.9976699217627221
                ],
                [
                    0.7911611078145023,
                    0.6100941034290048,
                    0.043003330602275125
                ]
            ],
            "qvec": [
                -0.3013269251760208,
                0.3215575724832041,
                0.612453314365733,
                0.6562802369911062
            ]
        },
        "rgb-006": {
            "tvec": [
                -137.38725197252643,
                15.64672569656647,
                -201.57745579223086
            ],
            "rotmat": [
                [
                    -0.538442631098738,
                    0.8410655264037308,
                    0.051848947054726535
                ],
                [
                    -0.008160158756535363,
                    -0.06673133088836303,
                    0.9977376114424754
                ],
                [
                    0.8426226586227886,
