{
  "id": 0,
  "metadata": {
    "date": "2019-03-01",
    "label": "Scan 1 de plante à silique",
    "nbPhotos": 72
  },
  "filesUri": {
    "mesh": "data/2018-11-27_15-53-28/3d/mesh.ply",
    "pointCloud": "data/2018-11-27_15-53-28/3d/point_cloud.ply"
  },
  "workspace": {
    "x": [
      200,
      600
    ],
    "y": [
      200,
      600
    ],
    "z": [
      -150,
      170
    ]
  },
  "camera": {
    "params": [
      1142.15218014503,
      1142.15218014503,
      808.0,
      540.0,
      0.005622901472134816,
      0.005622901472134816,
      0.0,
      0.0
    ],
    "poses": [{
      "tvec": [-434.2072671252134, 23.726415518694317, -28.459104617234225],
      "rotmat": [
        [0.049888122785334166, 0.9974765831623816, 0.050513772851128846],
        [-0.05647055802090162, -0.047678729333134995, 0.9972651677693276],
        [0.9971570845567728, -0.05260422807985726, 0.05394945696074194]
      ],
      "id": 0,
      "photoUri": "2018-11-27_15-53-28/undist/rgb-071.jpg"
    }, {
      "tvec": [-466.0539866714845, 23.632368759658778, 11.346708185236738],
      "rotmat": [
        [0.1382585407655229, 0.989060069230878, 0.05142718501337057],
        [-0.06122000267323563, -0.043291839070456306, 0.9971850018640409],
        [0.9885022443970868, -0.14101771563498322, 0.054564793585367644]
      ],
      "id": 1,
      "photoUri": "2018-11-27_15-53-28/undist/rgb-070.jpg"
    }, {
      "tvec": [-494.0729543702809, 23.095825793374896, 54.60905307487258],
      "rotmat": [
        [0.22623856926061486, 0.9725836893487756, 0.05382450177785397],
        [-0.0654093741707224, -0.03996367981980792, 0.9970579311483632],
        [0.9718733063262435, -0.22909358678929465, 0.05457476470413303]
      ],
      "id": 2,
      "photoUri": "2018-11-27_15-53-28/undist/rgb-069.jpg"
    }, {
      "tvec": [-518.6437031109751, 22.619843631471138, 96.1749135716172],
      "rotmat": [
        [0.30883354550386355, 0.9495741348071194, 0.05413689755447898],
        [-0.07048185895119491, -0.03391402431742285, 0.9969363803740846],
        [0.9485010009115948, -0.31170306617020704, 0.05645396186092422]
      ],
      "id": 3,
      "photoUri": "2018-11-27_15-53-28/undist/rgb-068.jpg"
    }, {
      "tvec": [-537.399020555175, 21.075857067337527, 141.35016249579456],
      "rotmat": [
        [0.3893421020843477, 0.9194652147014167, 0.0547398072577821],
        [-0.07445414607983036, -0.027818883191496613, 0.996836340564238],
        [0.9180791402031008, -0.39218596187530186, 0.05762693495128557]
      ],
      "id": 4,
      "photoUri": "2018-11-27_15-53-28/undist/rgb-067.jpg"
    }, {
      "tvec": [-553.3136946210744, 20.196529423194598, 189.87872597051233],
      "rotmat": [
        [0.4705456572984649, 0.8805306160475856, 0.057031733275565544],
        [-0.0788904312503998, -0.022393413313708976, 0.9966317448773583],
        [0.8788418994646772, -0.4734599975108998, 0.058928316642318734]
      ],
      "id": 5,
      "photoUri": "2018-11-27_15-53-28/undist/rgb-066.jpg"
    }, {
      "tvec": [-564.6170662111981, 17.698203537171704, 238.55585296625105],
      "rotmat": [
        [0.5465013334531428, 0.8354712750727418, 0.05765449732903832],
        [-0.08141183485492204, -0.015517558817618904, 0.9965597415679088],
        [0.8334916950273061, -0.5493149860477768, 0.05953688288648676]
      ],
      "id": 6,
      "photoUri": "2018-11-27_15-53-28/undist/rgb-065.jpg"
    }, {
      "tvec": [-572.34871794228, 16.06367641906334, 283.71579527804755],
      "rotmat": [
        [0.61303231292166, 0.7878815196135396, 0.05860114645106862],
        [-0.08323859151174212, -0.009350723943113287, 0.9964857755356478],
        [0.7856606902455164, -0.6157558566617127, 0.05984985204442328]
      ],
      "id": 7,
      "photoUri": "2018-11-27_15-53-28/undist/rgb-064.jpg"
    }, {
      "tvec": [-578.2176530314192, 13.74026885514705, 333.37373319482384],
      "rotmat": [
        [0.6793856435811176, 0.7313769706051236, 0.059353804969375146],
        [-0.08503927536599737, -0.0018652970239797784, 0.9963758539387826],
        [0.7288370661136113, -0.6819708553416959, 0.06092851158053167]
      ],
      "id": 8,
      "photoUri": "2018-11-27_15-53-28/undist/rgb-063.jpg"
    }, {
      "tvec": [-577.4395779485277, 9.922855305747712, 383.18274879365646],
      "rotmat": [
        [0.7414982862055146, 0.668378204760983, 0.05874408016788091],
        [-0.08533862172934092, 0.007106977191907449, 0.9963266585395225],
        [0.6655055305522422, -0.7437876486442077, 0.062308286196134544]
      ],
      "id": 9,
      "photoUri": "2018-11-27_15-53-28/undist/rgb-062.jpg"
    }, {
      "tvec": [-571.0086105311135, 7.346893719922669, 431.4000998535945],
      "rotmat": [
        [0.7972010756947824, 0.6007775206851453, 0.05947113207676269],
        [-0.08449287495283991, 0.013490474564214483, 0.9963327562507599],
        [0.5977720292831421, -0.7993024319589189, 0.061516040763952076]
      ],
      "id": 10,
      "photoUri": "2018-11-27_15-53-28/undist/rgb-061.jpg"
    }, {
      "tvec": [-562.916697520924, 4.195939820995907, 479.7026076439903],
      "rotmat": [
        [0.8462780474166463, 0.5292976862835195, 0.0604766546328567],
        [-0.08426776418462939, 0.02090633730201097, 0.9962238046643629],
        [0.5260346094887602, -0.8481785686726163, 0.062295306921789154]
      ],
      "id": 11,
      "photoUri": "2018-11-27_15-53-28/undist/rgb-060.jpg"
    }, {
      "tvec": [-548.3949428947053, 1.4145283051235336, 526.407963530634],
      "rotmat": [
        [0.889068441945021, 0.45349548885940494, 0.0624431511186149],
        [-0.08407909932816074, 0.027682843619576777, 0.9960744777501828],
        [0.44998667824016536, -0.8908285478998209, 0.06274143489814751]
      ],
      "id": 12,
      "photoUri": "2018-11-27_15-53-28/undist/rgb-059.jpg"
    }, {
      "tvec": [-530.9608319662032, -1.301360320116278, 571.6082461742758],
      "rotmat": [
        [0.9249047279146659, 0.37454598391449, 0.0653188350678755],
        [-0.08442872102842625, 0.03482260002637951, 0.995820856174898],
        [0.37070613071083935, -0.9265542037360412, 0.06383002579091368]
      ],
      "id": 13,
      "photoUri": "2018-11-27_15-53-28/undist/rgb-058.jpg"
    }, {
      "tvec": [-510.1988972440357, -4.038345798348462, 616.0422933552907],
      "rotmat": [
        [0.9536450910379486, 0.29320150485053065, 0.06777844710973432],
        [-0.08341044506234427, 0.041129587423390866, 0.9956661361585437],
        [0.2891431098845768, -0.9551655534993744, 0.06367909715526468]
      ],
      "id": 14,
      "photoUri": "2018-11-27_15-53-28/undist/rgb-057.jpg"
    }, {
      "tvec": [-485.33867799415145, -7.159496580206207, 656.9103936972906],
      "rotmat": [
        [0.9753367616229877, 0.2096508964605993, 0.06902682840787633],
        [-0.08051663291067283, 0.04676286073018122, 0.9956557169428888],
        [0.20551222165971372, -0.9766574304583961, 0.06248992141851328]
      ],
      "id": 15,
      "photoUri": "2018-11-27_15-53-28/undist/rgb-056.jpg"
    }, {
      "tvec": [-458.2585910040492, -10.960153800982983, 695.2886820827899],
      "rotmat": [
        [0.9894479948330493, 0.12652569677460387, 0.07059683829010413],
        [-0.07784888600790432, 0.053313619768106744, 0.995538652637129],
        [0.12219744869753393, -0.9905296088471676, 0.06260093872212164]
      ],
      "id": 16,
      "photoUri": "2018-11-27_15-53-28/undist/rgb-055.jpg"
    }, {
      "tvec": [-427.4604370728745, -14.266771135413213, 732.3818012314667],
      "rotmat": [
        [0.9965921864198449, 0.03994096672346104, 0.07217155356585091],
        [-0.0744623797422046, 0.05919606373871936, 0.9954653083061054],
        [0.03548757486840752, -0.9974470137380917, 0.061968434020251935]
      ],
      "id": 17,
      "photoUri": "2018-11-27_15-53-28/undist/rgb-054.jpg"
    }, {
      "tvec": [-393.39562789965055, -18.437836731303097, 765.2445701086684],
      "rotmat": [
        [0.9962907644249404, -0.0447800369594588, 0.07348102483959702],
        [-0.07050375546684604, 0.06478705183719069, 0.9954053738951364],
        [-0.049334908398000976, -0.9968938690774233, 0.06138958062412694]
      ],
      "id": 18,
      "photoUri": "2018-11-27_15-53-28/undist/rgb-053.jpg"
    }, {
      "tvec": [-355.55241415806654, -21.357153724203307, 796.103235608435],
      "rotmat": [
        [0.9885170092413825, -0.1314807031132625, 0.07447782991813533],
        [-0.06574684671367802, 0.0695469501782988, 0.9954097517445293],
        [-0.1360568799718731, -0.9888761532314041, 0.060103901558717095]
      ],
      "id": 19,
      "photoUri": "2018-11-27_15-53-28/undist/rgb-052.jpg"
    }, {
      "tvec": [-314.3417691644539, -25.79567333088305, 825.0639809188448],
      "rotmat": [
        [0.9730722411667874, -0.2177410853110881, 0.0756256123161668],
        [-0.060530440230469704, 0.07519011076903036, 0.9953303537258607],
        [-0.22241060963036643, -0.9731059896075509, 0.05998544584945894]
      ],
      "id": 20,
      "photoUri": "2018-11-27_15-53-28/undist/rgb-051.jpg"
    }, {
      "tvec": [-273.4533316799134, -29.08369721230233, 847.3190361325969],
      "rotmat": [
        [0.9505764884262331, -0.30085797083483523, 0.07673865412161661],
        [-0.05521005029847563, 0.07943082606840464, 0.9953103004672115],
        [-0.305542452037833, -0.9503553152664725, 0.0588946920144104]
      ],
      "id": 21,
      "photoUri": "2018-11-27_15-53-28/undist/rgb-050.jpg"
    }, {
      "tvec": [-228.3125162318189, -33.382362046226824, 868.58841114981],
      "rotmat": [
        [0.9211537575590779, -0.3815044749364058, 0.07700708109186363],
        [-0.04868111374074158, 0.08336627109526452, 0.9953291988124492],
        [-0.3861423365803762, -0.9206000219678295, 0.05822109113611059]
      ],
      "id": 22,
      "photoUri": "2018-11-27_15-53-28/undist/rgb-049.jpg"
    }, {
      "tvec": [-183.09325650720717, -37.276329326468606, 885.9400768060324],
      "rotmat": [
        [0.8836508502451359, -0.4613015576771428, 0.07976244571031019],
        [-0.04352078325281933, 0.08869478064378167, 0.9951076209695173],
        [-0.46611920823552166, -0.8827990194666016, 0.05829901322232861]
      ],
      "id": 23,
      "photoUri": "2018-11-27_15-53-28/undist/rgb-048.jpg"
    }, {
      "tvec": [-135.26906005017315, -39.53323728037478, 897.6238450036157],
      "rotmat": [
        [0.8403977883525514, -0.5362029358598699, 0.0788540988623716],
        [-0.036280256663810906, 0.0895101429235062, 0.9953249104137913],
        [-0.540754380757612, -0.839329700349672, 0.05577054601115035]
      ],
      "id": 24,
      "photoUri": "2018-11-27_15-53-28/undist/rgb-047.jpg"
    }, {
      "tvec": [-85.16636259289497, -44.36163123280648, 906.7791907370178],
      "rotmat": [
        [0.7894327771032461, -0.6085777890611455, 0.08018082748702798],
        [-0.028788161159144954, 0.09377244281486527, 0.9951773564272893],
        [-0.6131615873586111, -0.7879338827782322, 0.05650720447772606]
      ],
      "id": 25,
      "photoUri": "2018-11-27_15-53-28/undist/rgb-046.jpg"
    }, {
      "tvec": [-40.38558310871323, -46.37475170769712, 910.5563027008318],
      "rotmat": [
        [0.7355391731180838, -0.6727350559747813, 0.08006041013742998],
        [-0.022159783675085476, 0.09422002964571569, 0.9953047422779788],
        [-0.6771196857249382, -0.733859748505236, 0.054394859385723415]
      ],
      "id": 26,
      "photoUri": "2018-11-27_15-53-28/undist/rgb-045.jpg"
    }, {
      "tvec": [10.419439908955779, -48.978994505397154, 910.3411532500925],
      "rotmat": [
        [0.6720603841103635, -0.736106941384699, 0.08050721057578758],
        [-0.015141754597584545, 0.09503696466879397, 0.9953585799169309],
        [-0.7403415207707436, -0.6701600899723932, 0.052724628315967026]
      ],
      "id": 27,
      "photoUri": "2018-11-27_15-53-28/undist/rgb-044.jpg"
    }, {
      "tvec": [57.27500262962643, -51.47275405931398, 905.7218446177176],
      "rotmat": [
        [0.6070331446025479, -0.7905818282758253, 0.08056757507828821],
        [-0.007911762939299516, 0.09536663659636019, 0.995410773817267],
        [-0.79463712810385, -0.6048847637561648, 0.05163581329382061]
      ],
      "id": 28,
      "photoUri": "2018-11-27_15-53-28/undist/rgb-043.jpg"
    }, {
      "tvec": [107.73511245683977, -54.08180390660429, 898.1768054876363],
      "rotmat": [
        [0.5344537403507528, -0.8413577633932592, 0.0804755453723851],
        [-0.0003647710146918448, 0.09498543087642428, 0.9954785958840737],
        [-0.8451976492910975, -0.532066614155702, 0.05045841588566097]
      ],
      "id": 29,
      "photoUri": "2018-11-27_15-53-28/undist/rgb-042.jpg"
    }, {
      "tvec": [152.91058801547211, -56.261029249402135, 885.0061023150013],
      "rotmat": [
        [0.45972632338045316, -0.8844327510146652, 0.08018987793806742],
        [0.007466240628826393, 0.09414385114102872, 0.9955306075371104],
        [-0.8880292578749663, -0.45707290909106274, 0.049883794293032246]
      ],
      "id": 30,
      "photoUri": "2018-11-27_15-53-28/undist/rgb-041.jpg"
    }, {
      "tvec": [197.77702238423737, -57.45626911543396, 868.2324173879086],
      "rotmat": [
        [0.38248309215425946, -0.9204481848972437, 0.08050977043493385],
        [0.013349739007048, 0.09263146065518757, 0.995610966675905],
        [-0.9238660447730287, -0.37972957669406765, 0.047717710540051084]
      ],
      "id": 31,
      "photoUri": "2018-11-27_15-53-28/undist/rgb-040.jpg"
    }, {
      "tvec": [243.73639089012485, -59.82501435656048, 847.722669654422],
      "rotmat": [
        [0.29864378392180796, -0.9510003284407877, 0.08006413448216948],
        [0.021466393079757007, 0.09056505162608103, 0.995659161255553],
        [-0.9541232018418848, -0.2956287312313873, 0.047461236577974464]
      ],
      "id": 32,
      "photoUri": "2018-11-27_15-53-28/undist/rgb-039.jpg"
    }, {
      "tvec": [285.87365340686864, -61.924713531848155, 822.763922053469],
      "rotmat": [
        [0.21429965543138396, -0.9734096866816269, 0.08092737210837658],
        [0.028941366855271877, 0.0891436293961324, 0.9955982174665813],
        [-0.9763391085921629, -0.21101420618636701, 0.047275255906222224]
      ],
      "id": 33,
      "photoUri": "2018-11-27_15-53-28/undist/rgb-038.jpg"
    }, {
      "tvec": [326.91344297779074, -62.911199659159955, 794.5566595852458],
      "rotmat": [
        [0.12878010838388498, -0.9884043576222186, 0.08045190810692088],
        [0.03519309489036021, 0.08563149989388597, 0.995705123165469],
        [-0.9910485002040381, -0.12539566204352132, 0.04581264218525338]
      ],
      "id": 34,
      "photoUri": "2018-11-27_15-53-28/undist/rgb-037.jpg"
    }, {
      "tvec": [363.03559655207806, -64.15614190564548, 763.9953321295735],
      "rotmat": [
        [0.04336030851673123, -0.9958752658943346, 0.07970155848678595],
        [0.04196234699063406, 0.08152159672795489, 0.9957878241382361],
        [-0.9981778624475559, -0.039833202818921665, 0.04532406505174852]
      ],
      "id": 35,
      "photoUri": "2018-11-27_15-53-28/undist/rgb-036.jpg"
    }, {
      "tvec": [291.258952372021, -12.735775954964316, -125.08778825717586],
      "rotmat": [
        [-0.9762238675808425, 0.20841475075124177, 0.05958399143058617],
        [0.05090875870534384, -0.04674887263924665, 0.9976085611070311],
        [0.2107018240371532, 0.9769226348981057, 0.03502722899629995]
      ],
      "id": 36,
      "photoUri": "2018-11-27_15-53-28/undist/rgb-015.jpg"
    }, {
      "tvec": [248.73918190494885, -8.988849698882728, -151.22565164835305],
      "rotmat": [
        [-0.9537709738604294, 0.2947062901484756, 0.058899337587539916],
        [0.045619102618030954, -0.05174257174967056, 0.9976179648267447],
        [0.29705189260069365, 0.9541859927790037, 0.03590632655526382]
      ],
      "id": 37,
      "photoUri": "2018-11-27_15-53-28/undist/rgb-014.jpg"
    }, {
      "tvec": [205.4293147653835, -5.764026887727293, -171.14689723346538],
      "rotmat": [
        [-0.9248377481107276, 0.3759112896039209, 0.058015877290581164],
        [0.03988734209321643, -0.05583712150437936, 0.9976428297756889],
        [0.37826464229454143, 0.9249718472528893, 0.03664617550796134]
      ],
      "id": 38,
      "photoUri": "2018-11-27_15-53-28/undist/rgb-013.jpg"
    }, {
      "tvec": [156.57563725015225, -2.039749453694187, -188.38155076986263],
      "rotmat": [
        [-0.887213690830206, 0.45781054478190697, 0.05710842223295734],
        [0.03334973851041603, -0.059819470914449946, 0.9976519562657121],
        [0.46015178120347544, 0.887035025230689, 0.037804791617731315]
      ],
      "id": 39,
      "photoUri": "2018-11-27_15-53-28/undist/rgb-012.jpg"
    }, {
      "tvec": [109.21332633923753, 1.716795624851566, -201.9260673225976],
      "rotmat": [
        [-0.8447019405627662, 0.5322421349609694, 0.05654150140990763],
        [0.026460011231880742, -0.06398400488250755, 0.9976000776487561],
        [0.5345825468672785, 0.844170810257844, 0.039964280220084025]
      ],
      "id": 40,
      "photoUri": "2018-11-27_15-53-28/undist/rgb-011.jpg"
    }, {
      "tvec": [61.11775105066545, 5.374837070749463, -210.19111473107955],
      "rotmat": [
        [-0.795450801706342, 0.6035079851923104, 0.05510112407071294],
        [0.019407893014945887, -0.06550757742579283, 0.9976633154469118],
        [0.6057073185569566, 0.7946614808262208, 0.040395236570909154]
      ],
      "id": 41,
      "photoUri": "2018-11-27_15-53-28/undist/rgb-010.jpg"
    }, {
      "tvec": [11.142126810925186, 8.0913138933476, -214.3816940072793],
      "rotmat": [
        [-0.7397336974063387, 0.6706441576976376, 0.055049710876382496],
        [0.01285425154679054, -0.06771115167696129, 0.9976221570092313],
        [0.6727769505108798, 0.7386823496501088, 0.04146759188420912]
      ],
      "id": 42,
      "photoUri": "2018-11-27_15-53-28/undist/rgb-009.jpg"
    }, {
      "tvec": [-38.73629910965446, 10.84990988655544, -214.62538159545556],
      "rotmat": [
        [-0.6776854861218786, 0.733365435945134, 0.054014065397427646],
        [0.005790547661545131, -0.06812904511424567, 0.9976597129129756],
        [0.7353290769835865, 0.6764122785497209, 0.041923477547096355]
      ],
      "id": 43,
      "photoUri": "2018-11-27_15-53-28/undist/rgb-008.jpg"
    }, {
      "tvec": [-86.97920502661806, 13.894407218884071, -210.98323020209736],
      "rotmat": [
        [-0.6116056234853477, 0.789387813786116, 0.05296641168774563],
        [-0.001631809679164875, -0.06820604377278705, 0.9976699217627221],
        [0.7911611078145023, 0.6100941034290048, 0.043003330602275125]
      ],
      "id": 44,
      "photoUri": "2018-11-27_15-53-28/undist/rgb-007.jpg"
    }, {
      "tvec": [-137.38725197252643, 15.64672569656647, -201.57745579223086],
      "rotmat": [
        [-0.538442631098738, 0.8410655264037308, 0.051848947054726535],
        [-0.008160158756535363, -0.06673133088836303, 0.9977376114424754],
        [0.8426226586227886, 0.5368013690119309, 0.042794221600354065]
      ],
      "id": 45,
      "photoUri": "2018-11-27_15-53-28/undist/rgb-006.jpg"
    }, {
      "tvec": [-361.97339468473393, 23.591463796768668, -96.7786176518842],
      "rotmat": [
        [-0.12704834936345788, 0.9905722337452242, 0.051238331910961665],
        [-0.04295975865037105, -0.05710367001668737, 0.9974435472784048],
        [0.9909657794599784, 0.12452236989241083, 0.04980967110566936]
      ],
      "id": 46,
      "photoUri": "2018-11-27_15-53-28/undist/rgb-001.jpg"
    }, {
      "tvec": [-400.72313665085545, 23.563611928100883, -66.55727762900914],
      "rotmat": [
        [-0.043814236851606125, 0.9977714453574544, 0.05032350820846865],
        [-0.04762819944094715, -0.052400752614062296, 0.9974897070864908],
        [0.9979037364731754, 0.04130743219780547, 0.04981795638220182]
      ],
      "id": 47,
      "photoUri": "2018-11-27_15-53-28/undist/rgb-000.jpg"
    }, {
      "tvec": [-322.15114788712964, 22.3904782978565, -125.32538868369046],
      "rotmat": [
        [-0.21345462436166052, 0.9756247273133991, 0.05092656274753343],
        [-0.036124235219609, -0.0599743679612571, 0.9975460464647466],
        [0.9762848779779503, 0.21109113349997377, 0.04804550332003399]
      ],
      "id": 48,
      "photoUri": "2018-11-27_15-53-28/undist/rgb-002.jpg"
    }, {
      "tvec": [-278.6305815040747, 21.33545781931103, -149.7390772380272],
      "rotmat": [
        [-0.29897841730891683, 0.952876845339155, 0.05135779979667909],
        [-0.029100160174244605, -0.06289861517275896, 0.9975955818302239],
        [0.9538160654241933, 0.29676502796968796, 0.046534197240972075]
      ],
      "id": 49,
      "photoUri": "2018-11-27_15-53-28/undist/rgb-003.jpg"
    }, {
      "tvec": [-231.68687730941872, 19.947127526808828, -171.8619094288495],
      "rotmat": [
        [-0.38192899203567887, 0.9227480680422523, 0.05163572374723946],
        [-0.023361234807536935, -0.06549249758560105, 0.9975795634776543],
        [0.9238963674302857, 0.3797982828874967, 0.04657001787450399]
      ],
      "id": 50,
      "photoUri": "2018-11-27_15-53-28/undist/rgb-004.jpg"
    }, {
      "tvec": [-185.5210844366296, 18.273972752893442, -189.09826416846138],
      "rotmat": [
        [-0.4634678716826598, 0.8846021622930663, 0.05173534946608005],
        [-0.01594865428430159, -0.06670255453035467, 0.9976454328295425],
        [0.8859701870517234, 0.4615514962445218, 0.04502270504953776]
      ],
      "id": 51,
      "photoUri": "2018-11-27_15-53-28/undist/rgb-005.jpg"
    }, {
      "tvec": [331.58844912323224, -16.37231372195163, -98.72294017156686],
      "rotmat": [
        [-0.9902842537593939, 0.12529024791317178, 0.06032785868946689],
        [0.055446154034937425, -0.04209462839398703, 0.9975739402485944],
        [0.12752576507880406, 0.9912267127343917, 0.03473878528154917]
      ],
      "id": 52,
      "photoUri": "2018-11-27_15-53-28/undist/rgb-016.jpg"
    }, {
      "tvec": [368.5023768465517, -20.186962814423634, -67.08379721592829],
      "rotmat": [
        [-0.9972850932585061, 0.04041003764385021, 0.061558684375120215],
        [0.0600923171843735, -0.036551675854651466, 0.9975233773739989],
        [0.04256003030762208, 0.9985143984188907, 0.034024108663933905]
      ],
      "id": 53,
      "photoUri": "2018-11-27_15-53-28/undist/rgb-017.jpg"
    }, {
      "tvec": [403.98111405579897, -24.016857255589823, -32.27656875889491],
      "rotmat": [
        [-0.9967769657641782, -0.04979220918632667, 0.06290005108347466],
        [0.06445325140501038, -0.03022666582738187, 0.997462844950268],
        [-0.047764619806726846, 0.998302100857904, 0.03333851402528243]
      ],
      "id": 54,
      "photoUri": "2018-11-27_15-53-28/undist/rgb-018.jpg"
    }, {
      "tvec": [434.9538830127392, -27.639147101204653, 5.924314852574215],
      "rotmat": [
        [-0.9890151095505779, -0.13328874759014447, 0.06390010052033464],
        [0.06763518728930766, -0.023680964770542934, 0.9974290417608044],
        [-0.1314328517570793, 0.9907942882724884, 0.03243584137361877]
      ],
      "id": 55,
      "photoUri": "2018-11-27_15-53-28/undist/rgb-019.jpg"
    }, {
      "tvec": [463.56882846811413, -31.032056246848104, 46.711158619816246],
      "rotmat": [
        [-0.9736010965524015, -0.21885686370216045, 0.06482729365333761],
        [0.07054211912631891, -0.01839138358332648, 0.9973392434067053],
        [-0.21708227523482965, 0.975583635687041, 0.033344498174732506]
      ],
      "id": 56,
      "photoUri": "2018-11-27_15-53-28/undist/rgb-020.jpg"
    }, {
      "tvec": [487.36196383906366, -35.26311140057239, 89.50828859313548],
      "rotmat": [
        [-0.9509128545979678, -0.302185658306626, 0.06669760770923856],
        [0.07366166068129486, -0.011694744304675875, 0.9972147174512229],
        [-0.30056397439816074, 0.9531773501659802, 0.03338018011548893]
      ],
      "id": 57,
      "photoUri": "2018-11-27_15-53-28/undist/rgb-021.jpg"
    }, {
      "tvec": [507.48103977996215, -38.994140391811406, 134.6357207777695],
      "rotmat": [
        [-0.9202926389874583, -0.3852811138038875, 0.06797000788241314],
        [0.07600585623586659, -0.005646060960496246, 0.9970913858887174],
        [-0.38377671691147736, 0.9227819814786513, 0.03447964928739211]
      ],
      "id": 58,
      "photoUri": "2018-11-27_15-53-28/undist/rgb-022.jpg"
    }, {
      "tvec": [522.8424510663887, -42.69607633286536, 181.37177272148432],
      "rotmat": [
        [-0.8832018190473218, -0.46382925166363953, 0.06940441003747636],
        [0.07773038885937522, 0.0011701562232452334, 0.9969737295346269],
        [-0.46250679290067986, 0.8859238432481437, 0.03502014399122788]
      ],
      "id": 59,
      "photoUri": "2018-11-27_15-53-28/undist/rgb-023.jpg"
    }, {
      "tvec": [535.1602773026566, -45.998457497330925, 228.86152556852306],
      "rotmat": [
        [-0.8396869318652769, -0.5383990395023938, 0.07107974899771516],
        [0.07873553671135378, 0.008809667503749008, 0.9968566120647686],
        [-0.5373328314122016, 0.8426439722809234, 0.034993774663121924]
      ],
      "id": 60,
      "photoUri": "2018-11-27_15-53-28/undist/rgb-024.jpg"
    }, {
      "tvec": [543.925684304367, -49.21799107177237, 276.9748521447092],
      "rotmat": [
        [-0.7897885215736182, -0.6091359146241426, 0.07202450073112265],
        [0.078970755385321, 0.015465720878814593, 0.9967569569717436],
        [-0.6082743714677038, 0.7929150326439194, 0.03588927448224777]
      ],
      "id": 61,
      "photoUri": "2018-11-27_15-53-28/undist/rgb-025.jpg"
    }, {
      "tvec": [546.970521344513, -52.85655554783141, 326.43209630920717],
      "rotmat": [
        [-0.7333356438558342, -0.6758995647355714, 0.07333901990628727],
        [0.07971890467345683, 0.021641771629186568, 0.9965824250700064],
        [-0.6751768136482577, 0.7366759206808755, 0.03801129043811524]
      ],
      "id": 62,
      "photoUri": "2018-11-27_15-53-28/undist/rgb-026.jpg"
    }, {
      "tvec": [547.4131358922998, -55.575902814011066, 375.3705704349568],
      "rotmat": [
        [-0.6725470509685894, -0.7363209730189735, 0.07424209672313176],
        [0.07829868487938357, 0.02895936252122089, 0.9965092429418425],
        [-0.7359006591786785, 0.6760124111395864, 0.03817642997491577]
      ],
      "id": 63,
      "photoUri": "2018-11-27_15-53-28/undist/rgb-027.jpg"
    }, {
      "tvec": [543.190273865661, -58.06858698801819, 424.39180320681726],
      "rotmat": [
        [-0.6051758647286174, -0.7925044587238654, 0.07549076534758431],
        [0.07673690064455085, 0.03631388124228685, 0.9963898584934462],
        [-0.7923847681710188, 0.6087840215806543, 0.03883805142700314]
      ],
      "id": 64,
      "photoUri": "2018-11-27_15-53-28/undist/rgb-028.jpg"
    }, {
      "tvec": [534.2090800458707, -59.41139557836986, 472.00817802663266],
      "rotmat": [
        [-0.5341780600043651, -0.8420172654914768, 0.07523778853893287],
        [0.07344415807794175, 0.04243899892473035, 0.9963959489151335],
        [-0.8421756086792087, 0.5377786310225823, 0.03917126703697227]
      ],
      "id": 65,
      "photoUri": "2018-11-27_15-53-28/undist/rgb-029.jpg"
    }, {
      "tvec": [520.2323920324634, -60.644541230416976, 520.7506405388018],
      "rotmat": [
        [-0.4584437860166042, -0.8854781646513591, 0.07587960851521613],
        [0.07021106841158942, 0.049027797161636855, 0.9963265935314486],
        [-0.8859456534885563, 0.4620873240320901, 0.039693879044470304]
      ],
      "id": 66,
      "photoUri": "2018-11-27_15-53-28/undist/rgb-030.jpg"
    }, {
      "tvec": [505.0352564272776, -61.989657788667394, 564.6222849289094],
      "rotmat": [
        [-0.3822815540279889, -0.9208747891538538, 0.07648814385766406],
        [0.06691543004267447, 0.05496975754534694, 0.9962432689748069],
        [-0.9216198449860709, 0.38596366209301464, 0.04060680819271045]
      ],
      "id": 67,
      "photoUri": "2018-11-27_15-53-28/undist/rgb-031.jpg"
    }, {
      "tvec": [483.84104773711687, -62.554132516586755, 607.9934425386133],
      "rotmat": [
        [-0.3009952748960736, -0.9505800406509635, 0.0761539940269022],
        [0.06237192668214736, 0.060062600228473095, 0.9962440598647258],
        [-0.9515837258235313, 0.3046146259945623, 0.04121094973425243]
      ],
      "id": 68,
      "photoUri": "2018-11-27_15-53-28/undist/rgb-032.jpg"
    }, {
      "tvec": [457.3217300876335, -63.09783876299046, 652.1567187498445],
      "rotmat": [
        [-0.21432953370617946, -0.9736977872465689, 0.07730116488402561],
        [0.05708854028384286, 0.06651740882198776, 0.9961507581143874],
        [-0.9750916621269776, 0.2179175381531835, 0.041330340135354415]
      ],
      "id": 69,
      "photoUri": "2018-11-27_15-53-28/undist/rgb-033.jpg"
    }, {
      "tvec": [431.53997702207414, -64.03309626931703, 689.6802030108519],
      "rotmat": [
        [-0.13215427110221523, -0.9881708307294544, 0.07780525640920627],
        [0.053119705509614756, 0.07132065872312288, 0.99603798146751],
        [-0.9898048017240644, 0.1357636657385175, 0.043066013853455654]
      ],
      "id": 70,
      "photoUri": "2018-11-27_15-53-28/undist/rgb-034.jpg"
    }, {
      "tvec": [398.21598795333625, -63.24609739945401, 728.7299751304777],
      "rotmat": [
        [-0.043017016522208684, -0.9959722849426675, 0.07866857006206618],
        [0.04632571911706179, 0.07666831591699219, 0.9959798678099572],
        [-0.9979997314818354, 0.046488460509404084, 0.04284109010810089]
      ],
      "id": 71,
      "photoUri": "2018-11-27_15-53-28/undist/rgb-035.jpg"
    }]
  },
  "data": {
    "skeleton": {
      "points": [
        [377.0261707710782, 394.68293032289637, -74.1603293731027],
        [394.9354283338164, 404.5051719567926, -79.98734248999106],
        [391.6794746582098, 400.98672841511643, -73.50445181497967],
        [398.8026419465418, 402.44941753859354, -89.34278093926028],
        [406.84812957322794, 404.7797329382715, -66.66953174510876],
        [386.9531785878191, 398.13868131835324, -73.07929121684788],
        [393.65879918791165, 397.9018456931402, -63.32773486270109],
        [394.99228537232625, 401.4212826250391, -57.508222347897494],
        [404.34947741338954, 403.5680711407041, -65.3078969307204],
        [390.7425568352287, 401.76376301650845, -91.0096014240477],
        [403.5656479018595, 403.2739408438521, -65.01432193173329],
        [403.9230451237484, 403.09112376694964, -60.7035947782383],
        [403.44971008790696, 403.05352612551616, -62.95311746599054],
        [398.30752082685683, 402.60276265480235, -56.87285320141004],
        [390.2429198380383, 414.16908829630364, -81.69675775493927],
        [389.10916884460437, 403.5250692475227, -84.73460542119054],
        [400.4946078241729, 402.28673340963246, -66.27110565510573],
        [402.86372701278333, 403.0709038437014, -65.39991854741741],
        [385.66395050849843, 394.26264612741517, -104.88544505811159],
        [403.5376449299082, 403.0650349464622, -58.735676763092194],
        [394.2367573214394, 409.4734786413323, -78.52796497017228],
        [396.82677810983364, 399.44918967897956, -64.76411074834785],
        [400.78387893595635, 403.92305531161827, -93.46864378669174],
        [394.3015586900054, 395.6382343172707, -99.73661903123134],
        [400.8316678992387, 393.3233167204839, -101.48206264925862],
        [392.34969768261186, 401.48388356508667, -73.67476714175142],
        [409.97804527064363, 406.7838160356353, -70.73108796461982],
        [395.1518051744055, 407.8330631685258, -76.9762014484311],
        [408.72708082966415, 405.9214932961458, -68.74602889282107],
        [412.50385188143963, 409.4178278562768, -77.11784600546909],
        [406.83353980712366, 402.9893093459344, -54.10976809980447],
        [408.9725719794771, 402.9586298393211, -51.84406353190977],
        [412.2756498073632, 399.67267087249525, -53.34425366970132],
        [423.86450834115215, 391.83801566635566, -62.12575025290434],
        [406.8514578335424, 412.17325260580446, -51.074740899956815],
        [423.13942329644397, 392.24269304555656, -61.62238816393489],
        [391.79368255318036, 408.18617491919605, -84.19386911976902],
        [391.0152826485623, 402.4445511830042, -89.22687425311624],
        [416.29885386684987, 416.7719737074772, -42.548404088826814],
        [388.04448288858197, 399.0736750241929, -106.96471333362409],
        [408.241027617557, 407.5770672461856, -49.71456795261289],
        [375.5317477340752, 407.9936000859071, -79.51587922357886],
        [377.69727133793833, 406.886309166053, -80.67089524123594],
        [387.8275534640323, 403.7378116155176, -84.33815778810458],
        [392.3597733403891, 397.6794701102553, -62.592867468525476],
        [400.4323378198395, 403.4867623716159, -92.50737641504051],
        [421.8976198750016, 392.9562708960294, -60.72964090900955],
        [401.46554405826237, 393.289579341876, -101.91469119044783],
        [404.4926869279091, 416.90132962720827, -53.358937430174535],
        [403.0413744403382, 419.4035246254119, -54.722615108661095],
        [400.60626179592026, 423.4164177889163, -57.03876464654342],
        [411.83077394457695, 403.64295877442333, -37.75653429670471],
        [380.4055831189073, 396.9182677173137, -105.1349585339048],
        [386.3914490785096, 403.9685937217542, -83.86806166816801],
        [399.59300062793665, 401.97572511841616, -66.72750595722442],
        [400.80607987517783, 392.3219843449643, -99.90397474984591],
        [416.8525537797375, 419.0274519105596, -44.85219737574797],
        [412.2685453655873, 403.6850301382861, -36.513170267470194],
        [416.5210902331112, 403.3930965021238, -15.815567921288967],
        [417.02993816019045, 419.8314583755502, -45.63206028699629],
        [417.34499790612585, 421.3334675154053, -47.07176155869243],
        [416.0558877338283, 398.52843846963293, -33.56725861470891],
        [411.4638451405907, 408.15107565412495, -74.11499807841435],
        [417.112036795596, 389.1749770666383, -40.736531622144675],
        [416.7587367174184, 387.0625372852472, -42.75611182179005],
        [421.08632118063076, 403.0061922753153, -10.942579380869788],
        [378.8458304981576, 397.03384237018213, -105.93556280465073],
        [416.01148543047356, 403.00963159725836, -18.163663646736506],
        [431.14569442959606, 403.6252094885199, -22.543944217877705],
        [399.8398091521217, 402.84938156292264, -56.9585786172207],
        [413.9360602025043, 400.7070032631225, -13.02560019924704],
        [406.4897089272623, 396.83751109214876, -13.549447706812652],
        [397.9315262395291, 395.3854026000956, -6.347058562988566],
        [396.0340383322921, 393.5413440054334, -14.999606498945777],
        [398.9612487233214, 394.2202279165556, -14.619984070605748],
        [404.1559434218092, 395.8931153857204, -13.887233603231476],
        [423.2306765411593, 403.3000536596466, -12.133095061110891],
        [417.23241487738716, 411.9350756452563, -19.640006857555754],
        [426.40514517304234, 443.76380535520207, 89.60690293808074],
        [414.30713456058623, 408.42222291930983, -34.40400988365655],
        [426.11877035726764, 403.56387540785903, -14.99749730534414],
        [414.5297289598218, 409.559271790359, -35.27660393308275],
        [416.68966536057616, 402.2178235499111, -3.2648278883235107],
        [419.5129913652129, 402.6203524827371, -2.0576502248630533],
        [419.2509683702206, 402.6586767845455, -5.758012646610606],
        [409.0619343231653, 404.3999147157445, -49.77258905577199],
        [418.45847370820616, 402.488868073282, -3.473725888656693],
        [414.23569308986424, 401.6640903808749, -3.2540857430281727],
        [399.1573367414438, 395.88625975906956, -6.077200613760577],
        [394.99468312622486, 394.2525455380863, -6.951049355153449],
        [415.5716622008244, 401.98973679933573, -3.2169005650854294],
        [434.27005267871147, 416.85004490795865, 104.66760990203737],
        [415.55152327276164, 413.85272490882016, -39.4498759051769],
        [434.33037508577326, 403.21038764761863, -28.028580919938644],
        [429.17042862338735, 406.75677386392243, 31.67817884245113],
        [430.72514798434855, 389.60811071390054, 4.676429896278976],
        [424.30705328327167, 405.5897551319279, 19.121272697051467],
        [433.8652482936039, 409.8726659848506, 30.974990912016494],
        [423.7015006775219, 402.4190933870604, 8.715910568134372],
        [419.0666270585028, 421.10880068521533, 15.923001525674188],
        [437.2824541014361, 413.31509447149193, 27.06228861405034],
        [421.8253331142773, 415.1851809883814, 16.878826479442086],
        [417.0783013499936, 424.4523806781544, 15.461889020402468],
        [405.88661372721106, 404.2245544705863, -65.90259666092156],
        [415.6119188875652, 426.68778130556933, 15.183180946239347],
        [414.1878214018009, 404.49131398098285, -32.95724743249831],
        [426.690132590856, 404.7453643802535, 26.683624073598015],
        [377.97935577176133, 403.4684228190729, -95.51991893502516],
        [434.21226968989305, 418.14384874583754, 100.79496398916461],
        [424.770102901214, 402.7730617829554, 22.95180796911118],
        [436.8655519607142, 399.69633823047883, 68.35102016301853],
        [430.2948747344883, 407.4717447002053, 33.462183687677275],
        [438.65876388154254, 393.938563407473, 65.89536072447547],
        [439.93445979034306, 417.44171833826647, 21.212668647360115],
        [379.3141634234764, 395.3298209457724, -73.88047903393779],
        [431.27742056725157, 411.05112968007523, 58.4682161029743],
        [430.4881226434389, 407.759042396437, 43.180023090552666],
        [431.8937835274328, 408.6423229793712, 49.23957468998614],
        [431.2521140099307, 410.58649782150627, 56.32509835638298],
        [431.3647231744949, 409.6781673867981, 52.74670791141272],
        [431.47466916259634, 409.2473198061796, 51.175993462052126],
        [432.3692046801019, 411.71952338852424, 68.72677072276561],
        [426.98011435572556, 396.1345098235894, 6.714510559493706],
        [431.29661990943663, 416.4051937781965, 79.25587379223096],
        [432.0983637339254, 416.044549785255, 80.83329083741856],
        [424.5854931556111, 404.3516386615831, 20.64473899818992],
        [428.7769458888453, 393.0684965628434, 6.007674349477349],
        [421.25863280013664, 416.6432752299571, 16.63034826705241],
        [434.2424346816428, 415.68019477099534, 92.30985279850616],
        [401.86078598937974, 421.3805994967597, -55.8395292117695],
        [434.56945403155044, 415.99110763977455, 98.10077077968346],
        [421.3807846293792, 402.6199800111174, 1.8900995464864383],
        [435.5705622912358, 411.7163969452322, 95.7245843080144],
        [434.2701790695965, 416.93130913347386, 104.27602513058908],
        [433.0109444354184, 424.7677324500437, 99.26314843955633],
        [428.4512770011462, 419.1965198185541, 79.65973203297925],
        [419.12366059153396, 426.0445783917794, 82.12029595014934],
        [434.10810455490383, 407.860461048501, 69.84279329256545],
        [429.92610831683214, 407.27272993057875, 34.83411681856726],
        [412.9508246997073, 429.82615940409823, 84.00828972345485],
        [427.46244646264176, 403.63957034777036, -16.742083438942455],
        [423.5815804465052, 399.086671884897, 23.09186096371219],
        [434.10516136302704, 415.74182313642757, 91.0293917095809],
        [391.76099032348077, 411.6653093779859, -81.95427787072352],
        [438.1178426364793, 395.6097949727702, 66.71397412247218],
        [435.9379058232742, 402.64313992364765, 69.1093544800176],
        [437.75138485379904, 396.7771200398265, 67.23132909915532],
        [439.7740914541971, 390.476642473871, 64.13370755722859],
        [441.2101832086519, 385.94698283408206, 61.65075179473894],
        [440.9806343616543, 386.65966381038976, 62.04393305409927],
