{
  "id": 0,
  "metadata": {
    "date": "2019-03-01",
    "label": "Scan 1 de plante à silique",
    "nbPhotos": 72
  },
  "filesUri": {
    "mesh": "data/2018-12-21_14-51-23/3d/mesh.ply",
    "pointCloud": "data/2018-12-21_14-51-23/3d/point_cloud.ply"
  },
  "workspace": {
    "x": [
      200,
      600
    ],
    "y": [
      200,
      600
    ],
    "z": [
      -100,
      300
    ]
  },
  "camera": {
    "params": [
      1120.7212222396101,
      1120.7212222396101,
      808.0,
      540.0,
      0.0007513494532588769,
      0.0007513494532588769,
      0.0,
      0.0
    ],
    "poses": [{
      "tvec": [-432.36784852831977, 34.78143589366224, -25.794597644041687],
      "rotmat": [
        [0.03138327517347661, 0.9983965135647745, 0.047111482051505615],
        [-0.4196778060146385, -0.029615683299713313, 0.9071898646046652],
        [0.907130436694815, -0.04824223258095134, 0.4180754212070831]
      ],
      "id": 0,
      "photoUri": "2018-12-21_14-51-23/undist/rgb-071.jpg"
    }, {
      "tvec": [-463.91519135658893, 19.683678267961238, 8.929011238526247],
      "rotmat": [
        [0.11882506117288538, 0.9918575367782669, 0.0458173719609567],
        [-0.42129448667090447, 0.008579188557692352, 0.9068833183074825],
        [0.8991059783684897, -0.12706307197545702, 0.4188835344128493]
      ],
      "id": 1,
      "photoUri": "2018-12-21_14-51-23/undist/rgb-070.jpg"
    }, {
      "tvec": [-492.3837738217459, 2.4646606501739727, 47.19407003065764],
      "rotmat": [
        [0.20636331016491116, 0.9774693391718382, 0.04436073936208301],
        [-0.41987750374438526, 0.04751204085698524, 0.9063362995174518],
        [0.8838082744957554, -0.20566063539864438, 0.42022212814208315]
      ],
      "id": 2,
      "photoUri": "2018-12-21_14-51-23/undist/rgb-069.jpg"
    }, {
      "tvec": [-518.2000467768524, -14.15884212265853, 84.05996456455583],
      "rotmat": [
        [0.2884683419924108, 0.9565083768547635, 0.043332905220115014],
        [-0.4152797328066611, 0.08420692543140562, 0.9057880200297519],
        [0.8627448980945515, -0.279286445636117, 0.42150957533105526]
      ],
      "id": 3,
      "photoUri": "2018-12-21_14-51-23/undist/rgb-068.jpg"
    }, {
      "tvec": [-538.7004979546103, -33.894468956031346, 126.54351264921867],
      "rotmat": [
        [0.3731598824431968, 0.9268213891288284, 0.04187857194661965],
        [-0.40691224914223884, 0.12293266821664811, 0.9051574341423374],
        [0.8337710259015865, -0.3548093456188044, 0.42300851602369877]
      ],
      "id": 4,
      "photoUri": "2018-12-21_14-51-23/undist/rgb-067.jpg"
    }, {
      "tvec": [-555.4906438440456, -53.40361094140448, 168.2895870014293],
      "rotmat": [
        [0.4520009244648529, 0.8910662180353117, 0.04118445530979781],
        [-0.3966179980657871, 0.15940385719569033, 0.9040379272582669],
        [0.7989926957696207, -0.42496047508842805, 0.42546359035693293]
      ],
      "id": 5,
      "photoUri": "2018-12-21_14-51-23/undist/rgb-066.jpg"
    }, {
      "tvec": [-569.2238720585823, -73.88506350218353, 210.67772597719133],
      "rotmat": [
        [0.5282076643808628, 0.848169740253202, 0.04005939350676502],
        [-0.3814834836066135, 0.19489611754495773, 0.9035960685512443],
        [0.758595422491249, -0.49256836589931163, 0.42650837024682814]
      ],
      "id": 6,
      "photoUri": "2018-12-21_14-51-23/undist/rgb-065.jpg"
    }, {
      "tvec": [-577.3755021589087, -94.89407758583725, 254.85120485455676],
      "rotmat": [
        [0.6000886435514731, 0.7989366632751735, 0.03992277489460405],
        [-0.3640657884119256, 0.22833279535045692, 0.9029508493132112],
        [0.712284859861949, -0.5563850668756114, 0.4278854236466409]
      ],
      "id": 7,
      "photoUri": "2018-12-21_14-51-23/undist/rgb-064.jpg"
    }, {
      "tvec": [-583.684011707731, -115.91558919510275, 297.461262773017],
      "rotmat": [
        [0.6652250321771798, 0.7456043635667592, 0.03936736713419281],
        [-0.3446705508219944, 0.259886984919877, 0.902031577310528],
        [0.6623276137689968, -0.6136227571557821, 0.42987119459159273]
      ],
      "id": 8,
      "photoUri": "2018-12-21_14-51-23/undist/rgb-063.jpg"
    }, {
      "tvec": [-585.4214062373846, -137.26840099298897, 340.972912054899],
      "rotmat": [
        [0.7266548945925402, 0.6858615310538256, 0.03958060617533132],
        [-0.32222367328815543, 0.28937232797107926, 0.9013520733749306],
        [0.6067491809120079, -0.6677257041818149, 0.43127464038302443]
      ],
      "id": 9,
      "photoUri": "2018-12-21_14-51-23/undist/rgb-062.jpg"
    }, {
      "tvec": [-580.666023858292, -159.2092427335884, 385.2081668025488],
      "rotmat": [
        [0.7840261260640207, 0.6194292736619582, 0.04012989633257508],
        [-0.2971103344779755, 0.31772481740865166, 0.9004312242192762],
        [0.5450031952157985, -0.7178846114336606, 0.43314339643045735]
      ],
      "id": 10,
      "photoUri": "2018-12-21_14-51-23/undist/rgb-061.jpg"
    }, {
      "tvec": [-573.6352711842602, -181.70036031837466, 428.54418772244753],
      "rotmat": [
        [0.834549295467186, 0.5494818487290137, 0.03996462626584327],
        [-0.26949513194288655, 0.34388478898082114, 0.8995085468002527],
        [0.4805203921732245, -0.7614544962274249, 0.435071491689273]
      ],
      "id": 11,
      "photoUri": "2018-12-21_14-51-23/undist/rgb-060.jpg"
    }, {
      "tvec": [-560.0200793927393, -203.13402472466953, 471.7124371464858],
      "rotmat": [
        [0.8799808792320183, 0.47323914875589324, 0.04096779553309812],
        [-0.23923150843305452, 0.36702871934935016, 0.8989205774403106],
        [0.41036805133792953, -0.8008337076182381, 0.43619197056288983]
      ],
      "id": 12,
      "photoUri": "2018-12-21_14-51-23/undist/rgb-059.jpg"
    }, {
      "tvec": [-543.60894800839, -224.75831468752892, 511.7476661050073],
      "rotmat": [
        [0.9175422051911007, 0.3955272063866406, 0.040921030058294644],
        [-0.20732153866801734, 0.38803448715313443, 0.8980239508967063],
        [0.3393141336540195, -0.8324586871357544, 0.43803932804582557]
      ],
      "id": 13,
      "photoUri": "2018-12-21_14-51-23/undist/rgb-058.jpg"
    }, {
      "tvec": [-524.1843214421984, -244.8823561035436, 551.8053302529775],
      "rotmat": [
        [0.9480977363316275, 0.3152062178171091, 0.041901343800369195],
        [-0.17428661755966196, 0.40491091574766425, 0.8975919592153221],
        [0.2659602551180452, -0.8583077481636883, 0.4388313481734449]
      ],
      "id": 14,
      "photoUri": "2018-12-21_14-51-23/undist/rgb-057.jpg"
    }, {
      "tvec": [-499.1976198998335, -265.25980206748284, 589.2263265399453],
      "rotmat": [
        [0.9721803160414367, 0.23036917818702515, 0.0423730438251341],
        [-0.13863664447015958, 0.4201023816411557, 0.8968243249095575],
        [0.18879966607922447, -0.8777494122361253, 0.44035287600685646]
      ],
      "id": 15,
      "photoUri": "2018-12-21_14-51-23/undist/rgb-056.jpg"
    }, {
      "tvec": [-471.5077259687146, -284.9156689087808, 624.5332504160343],
      "rotmat": [
        [0.9884861036864309, 0.14508254012379057, 0.042968353122355],
        [-0.10233530417031679, 0.43183619011081653, 0.89612777572785],
        [0.11145720407038498, -0.8902070329208839, 0.44171113886680413]
      ],
      "id": 16,
      "photoUri": "2018-12-21_14-51-23/undist/rgb-055.jpg"
    }, {
      "tvec": [-442.60175547250844, -303.56256344310583, 657.2843131698182],
      "rotmat": [
        [0.9971879117923707, 0.0605303956818261, 0.044185289110435136],
        [-0.06641719266363372, 0.4407069975418526, 0.8951905377272079],
        [0.03471347135987597, -0.89560784583223, 0.44348794954305126]
      ],
      "id": 17,
      "photoUri": "2018-12-21_14-51-23/undist/rgb-054.jpg"
    }, {
      "tvec": [-408.0585753820886, -320.9112297627719, 687.2371258230653],
      "rotmat": [
        [0.9986447960544139, -0.026374273255010607, 0.044866123341648564],
        [-0.028422326024078723, 0.445788100228218, 0.8946871749825732],
        [-0.043597507919822295, -0.8947498909780244, 0.4444343482427914]
      ],
      "id": 18,
      "photoUri": "2018-12-21_14-51-23/undist/rgb-053.jpg"
    }, {
      "tvec": [-371.0467764482953, -337.04640531332996, 714.8230958373457],
      "rotmat": [
        [0.9925306862423352, -0.11306442475028766, 0.04581782102201832],
        [0.00967383177742228, 0.4473307826537307, 0.8943162683688265],
        [-0.12161107616521327, -0.8871931056688208, 0.4450832949096736]
      ],
      "id": 19,
      "photoUri": "2018-12-21_14-51-23/undist/rgb-052.jpg"
    }, {
      "tvec": [-330.02009851761323, -353.1121858365638, 740.4355503473471],
      "rotmat": [
        [0.9785930255541571, -0.20032393395913317, 0.04718062971069549],
        [0.04835548731927235, 0.44663608370732555, 0.8934080565881969],
        [-0.20004358820736196, -0.8720014508094124, 0.4467617179251191]
      ],
      "id": 20,
      "photoUri": "2018-12-21_14-51-23/undist/rgb-051.jpg"
    }, {
      "tvec": [-289.4679928480259, -365.3679060137196, 760.6610271867278],
      "rotmat": [
        [0.9578023061875989, -0.28338722639400343, 0.048025224397508434],
        [0.08584390638589472, 0.44149848846445433, 0.8931460733944991],
        [-0.2743092524836283, -0.8513346959923085, 0.44719533696311853]
      ],
      "id": 21,
      "photoUri": "2018-12-21_14-51-23/undist/rgb-050.jpg"
    }, {
      "tvec": [-243.62907488534088, -378.5043724085364, 779.5864376738742],
      "rotmat": [
        [0.9289952043649887, -0.36668112941064357, 0.050128431064495105],
        [0.12330912995501166, 0.4343843484650079, 0.8922472170191224],
        [-0.34894522311759907, -0.8227120924981993, 0.44875610761374995]
      ],
      "id": 22,
      "photoUri": "2018-12-21_14-51-23/undist/rgb-049.jpg"
    }, {
      "tvec": [-198.53557199713768, -389.15964276673355, 794.581402654275],
      "rotmat": [
        [0.8932920990057135, -0.44653193690988235, 0.05136589504209482],
        [0.16021339359018297, 0.4230959925837326, 0.8918079667584852],
        [-0.4199534430961172, -0.7884155061762136, 0.44948870425475795]
      ],
      "id": 23,
      "photoUri": "2018-12-21_14-51-23/undist/rgb-048.jpg"
    }, {
      "tvec": [-149.1230491916771, -397.4925481774866, 805.030133944861],
      "rotmat": [
        [0.8498472078334147, -0.524299940655152, 0.05356580594701099],
        [0.1959440673977113, 0.40867992075566034, 0.8913958967949025],
        [-0.4892500851194508, -0.747054412074617, 0.45004895246012827]
      ],
      "id": 24,
      "photoUri": "2018-12-21_14-51-23/undist/rgb-047.jpg"
    }, {
      "tvec": [-99.58745686083097, -404.4559063133275, 812.1185339756846],
      "rotmat": [
        [0.8003563430031291, -0.5969800298453299, 0.05517760578827818],
        [0.2302403243435902, 0.3910408884244778, 0.8911096546589279],
        [-0.5535513682223323, -0.7005011545644049, 0.4504209311223446]
      ],
      "id": 25,
      "photoUri": "2018-12-21_14-51-23/undist/rgb-046.jpg"
    }, {
      "tvec": [-57.65136627199406, -408.37062633203413, 815.2975857141035],
      "rotmat": [
        [0.7492363354016978, -0.659847841583064, 0.056971393453263575],
        [0.25996123873721727, 0.37211041037313886, 0.8910409624961952],
        [-0.6091511044626337, -0.6527899114187552, 0.4503335025088048]
      ],
      "id": 26,
      "photoUri": "2018-12-21_14-51-23/undist/rgb-045.jpg"
    }, {
      "tvec": [-5.523294022089573, -412.0290384087021, 814.6615329599691],
      "rotmat": [
        [0.6860370535871171, -0.7251403904411149, 0.05936813334116586],
        [0.29154180082681824, 0.3487446202670209, 0.8907191298077455],
        [-0.6666007346801853, -0.5937580348809766, 0.45066046702380974]
      ],
      "id": 27,
      "photoUri": "2018-12-21_14-51-23/undist/rgb-044.jpg"
    }, {
      "tvec": [45.02977458008483, -412.97210380330336, 809.8311369736651],
      "rotmat": [
        [0.619087483837095, -0.7829220212717402, 0.06134978373252209],
        [0.32019398632334395, 0.32297721186602807, 0.8905961664736788],
        [-0.7170819328909498, -0.5317131080037611, 0.45063807240218823]
      ],
      "id": 28,
      "photoUri": "2018-12-21_14-51-23/undist/rgb-043.jpg"
    }, {
      "tvec": [94.19236239497202, -412.6805999589977, 802.1262217797879],
      "rotmat": [
        [0.5474947420025092, -0.8344629346926896, 0.06261883186126999],
        [0.3468306090392227, 0.29438335548536043, 0.8905318459475],
        [-0.7615497594465432, -0.465843375650276, 0.45059062712141285]
      ],
      "id": 29,
      "photoUri": "2018-12-21_14-51-23/undist/rgb-042.jpg"
    }, {
      "tvec": [141.56340825074426, -409.680123445246, 789.4768756977879],
      "rotmat": [
        [0.4718200756376966, -0.8793514358409275, 0.06424070757500705],
        [0.37065623026433203, 0.26393100362765115, 0.8904798618106619],
        [-0.7999998594946582, -0.3963350572540868, 0.4504650343810573]
      ],
      "id": 30,
      "photoUri": "2018-12-21_14-51-23/undist/rgb-041.jpg"
    }, {
      "tvec": [187.16757023231023, -404.8372523469337, 773.571523389174],
      "rotmat": [
        [0.3944780955843836, -0.9165303015721331, 0.06602452880720078],
        [0.39100479738947885, 0.23244315938051818, 0.8905534380797233],
        [-0.8315661612418644, -0.3254879167608191, 0.45006147971157395]
      ],
      "id": 31,
      "photoUri": "2018-12-21_14-51-23/undist/rgb-040.jpg"
    }, {
      "tvec": [232.9734738796115, -399.114822316592, 754.9966774780183],
      "rotmat": [
        [0.31190251131462204, -0.9476818563891077, 0.06794058070495818],
        [0.40892364830730277, 0.19844327819385138, 0.8907310004679996],
        [-0.8576119596243266, -0.2500387258217667, 0.44942447897143967]
      ],
      "id": 32,
      "photoUri": "2018-12-21_14-51-23/undist/rgb-039.jpg"
    }, {
      "tvec": [275.7512914718957, -390.22735979522776, 731.8226706947869],
      "rotmat": [
        [0.22751290847472494, -0.9713108106051811, 0.06923283670974079],
        [0.4237140030205832, 0.162759991248295, 0.8910531010512945],
        [-0.8767578457713652, -0.17339116024284845, 0.44858799073090905]
      ],
      "id": 33,
      "photoUri": "2018-12-21_14-51-23/undist/rgb-038.jpg"
    }, {
      "tvec": [315.9747116050976, -380.72151660130606, 706.2895391746272],
      "rotmat": [
        [0.14333107995583294, -0.9871083547676597, 0.07122708379948539],
        [0.4353839761018562, 0.12752326630763133, 0.891166993275655],
        [-0.8887614949312516, -0.09672079661643213, 0.4480492078214733]
      ],
      "id": 34,
      "photoUri": "2018-12-21_14-51-23/undist/rgb-037.jpg"
    }, {
      "tvec": [352.58441470938567, -369.02322828340056, 678.2200165127115],
      "rotmat": [
        [0.05730938220472481, -0.9957128484218698, 0.07260549702963176],
        [0.44333128330109495, 0.09054284627545373, 0.8917731585077813],
        [-0.8945239001602572, -0.018918680607976968, 0.4466196094733594]
      ],
      "id": 35,
      "photoUri": "2018-12-21_14-51-23/undist/rgb-036.jpg"
    }, {
      "tvec": [290.2078107792588, 31.867186120039232, -121.04861925951829],
      "rotmat": [
        [-0.9763368706429885, 0.20314027077868338, 0.07416431359501975],
        [-0.0190373906990233, -0.4223531699769665, 0.9062314150181403],
        [0.21541562798095681, 0.8833752488033448, 0.41622623298297623]
      ],
      "id": 36,
      "photoUri": "2018-12-21_14-51-23/undist/rgb-015.jpg"
    }, {
      "tvec": [247.20360056442456, 46.274343510234424, -143.7930772304228],
      "rotmat": [
        [-0.954929097321609, 0.28784060871916606, 0.07251346813328824],
        [-0.0569958236845271, -0.417546962896869, 0.9068660374377924],
        [0.29131065063100553, 0.8618598016776169, 0.41513345695229065]
      ],
      "id": 37,
      "photoUri": "2018-12-21_14-51-23/undist/rgb-014.jpg"
    }, {
      "tvec": [203.3731637372739, 57.70640140523333, -160.82531245691283],
      "rotmat": [
        [-0.9264023963364981, 0.36972148666190474, 0.0713065380067334],
        [-0.09394768327372455, -0.41034649202105855, 0.9070774990559031],
        [0.36462642919774024, 0.8336196847403033, 0.414880450664987]
      ],
      "id": 38,
      "photoUri": "2018-12-21_14-51-23/undist/rgb-013.jpg"
    }, {
      "tvec": [156.13780805630333, 67.92026091750813, -175.10819787893269],
      "rotmat": [
        [-0.8899708686263956, 0.45073743391352306, 0.06919262002144647],
        [-0.1314606156317464, -0.39888089598143406, 0.9075307914108321],
        [0.4366577143874846, 0.7985798623119054, 0.4142465980256165]
      ],
      "id": 39,
      "photoUri": "2018-12-21_14-51-23/undist/rgb-012.jpg"
    }, {
      "tvec": [109.33195644056966, 76.84382437160181, -186.635550763872],
      "rotmat": [
        [-0.8481372038685961, 0.5254916711852259, 0.0672442334250126],
        [-0.16649358510025544, -0.3848875886002946, 0.9078223561148482],
        [0.5029345579043293, 0.7587621812243996, 0.41392847547513345]
      ],
      "id": 40,
      "photoUri": "2018-12-21_14-51-23/undist/rgb-011.jpg"
    }, {
      "tvec": [61.5847534982776, 83.13201072499396, -193.50460059217178],
      "rotmat": [
        [-0.8006743281362878, 0.5955243390766689, 0.06535580946481676],
        [-0.19946099932094447, -0.36784758562087305, 0.9082419630818569],
        [0.5649211715039496, 0.7141700885084671, 0.413309998265725]
      ],
      "id": 41,
      "photoUri": "2018-12-21_14-51-23/undist/rgb-010.jpg"
    }, {
      "tvec": [12.033121887618286, 87.96802276360324, -197.12272233491566],
      "rotmat": [
        [-0.745700965303905, 0.6632484931561659, 0.06349414674518761],
        [-0.23179042806824304, -0.34758288010206884, 0.9085479287940131],
        [0.6246625231281004, 0.6627877320726644, 0.4129275413595094]
      ],
      "id": 42,
      "photoUri": "2018-12-21_14-51-23/undist/rgb-009.jpg"
    }, {
      "tvec": [504.53735772117466, -97.02230030283978, 109.6790592924655],
      "rotmat": [
        [-0.9157554070048399, -0.3934052760877897, 0.08138994586366784],
        [0.2363917600039402, -0.36387022798652136, 0.900953602016928],
        [-0.3248245223865347, 0.844293045056826, 0.4262138943359688]
      ],
      "id": 43,
      "photoUri": "2018-12-21_14-51-23/undist/rgb-022.jpg"
    }, {
      "tvec": [-86.96800959677141, 92.43915919015033, -192.2080962110444],
      "rotmat": [
        [-0.6195701675423588, 0.782660957306588, 0.05978823796926103],
        [-0.2903939898837634, -0.29931281568476564, 0.9088911755574737],
        [0.7292490234007327, 0.5457597129459016, 0.4127253294798911]
      ],
      "id": 44,
      "photoUri": "2018-12-21_14-51-23/undist/rgb-007.jpg"
    }, {
      "tvec": [-135.98832571257117, 91.29964281259481, -183.67048850192742],
      "rotmat": [
        [-0.54866346072796, 0.8340885664515308, 0.057137292347898105],
        [-0.31675264846280393, -0.27063423899627814, 0.9090791320752585],
        [0.7737158176965353, 0.480680114002791, 0.41268688063524117]
      ],
      "id": 45,
      "photoUri": "2018-12-21_14-51-23/undist/rgb-006.jpg"
    }, {
      "tvec": [-358.7356638669181, 58.01709787610631, -87.52412453480869],
      "rotmat": [
        [-0.14348674071012235, 0.9885345743125182, 0.047020746794949386],
        [-0.4047857854570401, -0.10197871446423734, 0.9087072189039487],
        [0.9030836191252244, 0.1113541071761171, 0.41477733747481504]
      ],
      "id": 46,
      "photoUri": "2018-12-21_14-51-23/undist/rgb-001.jpg"
    }, {
      "tvec": [-397.36062876468276, 47.9252127589428, -62.574930008280866],
      "rotmat": [
        [-0.06706287872905647, 0.9967489742404805, 0.044654816617266946],
        [-0.412061651942029, -0.06842910241742972, 0.9085827716510759],
        [0.9086846346755171, 0.04253163872806681, 0.4153110814940136]
      ],
      "id": 47,
      "photoUri": "2018-12-21_14-51-23/undist/rgb-000.jpg"
    }, {
      "tvec": [-318.4898126067627, 68.6792154880649, -113.29439073019567],
      "rotmat": [
        [-0.22835738298656416, 0.9723191173136385, 0.04948171118661293],
        [-0.3939973221839675, -0.13877135928814566, 0.9085750491583973],
        [0.8902915341321579, 0.1879841587680942, 0.4147805929703812]
      ],
      "id": 48,
      "photoUri": "2018-12-21_14-51-23/undist/rgb-002.jpg"
    }, {
      "tvec": [-275.28874384691113, 76.64809143890577, -136.25386802194322],
      "rotmat": [
        [-0.314124151506855, 0.9480051911059879, 0.05110944214329288],
        [-0.3781660530222238, -0.17432246323940803, 0.9091766138389936],
        [0.8708136734007406, 0.26626647638455236, 0.41326227721879377]
      ],
      "id": 49,
      "photoUri": "2018-12-21_14-51-23/undist/rgb-003.jpg"
    }, {
      "tvec": [-230.43218188681718, 83.60452718188574, -156.2383571970124],
      "rotmat": [
        [-0.3943738323820638, 0.9174262055793938, 0.052900261327147424],
        [-0.36057844216950263, -0.20743748633064318, 0.9093694938293453],
        [0.8452529014294475, 0.33955683851311363, 0.41261202847721284]
      ],
      "id": 50,
      "photoUri": "2018-12-21_14-51-23/undist/rgb-004.jpg"
    }, {
      "tvec": [-184.0713786947923, 88.35005356315337, -171.26054936716127],
      "rotmat": [
        [-0.4736943334230953, 0.8789626467222704, 0.055121176963409846],
        [-0.3398447839335584, -0.24017413762311002, 0.9092974796237748],
        [0.8124772004899603, 0.4119964190183908, 0.4124799987878438]
      ],
      "id": 51,
      "photoUri": "2018-12-21_14-51-23/undist/rgb-005.jpg"
    }, {
      "tvec": [330.17144702900475, 17.96254915052833, -96.47122560494573],
      "rotmat": [
        [-0.9902072082096921, 0.11756537110068149, 0.07528657468318767],
        [0.01848705103005155, -0.4241064519513872, 0.9054236281196876],
        [0.13837598691167635, 0.8979488297955319, 0.4177798287555954]
      ],
      "id": 52,
      "photoUri": "2018-12-21_14-51-23/undist/rgb-016.jpg"
    }, {
      "tvec": [367.1343307676257, 1.0099767732649587, -68.71873332626231],
      "rotmat": [
        [-0.9965498339542596, 0.03148119495807568, 0.07679428891363076],
        [0.056409280001518486, -0.42180323974093215, 0.90493094768262],
        [0.06088038744496332, 0.9061406961990317, 0.4185721169840215]
      ],
      "id": 53,
      "photoUri": "2018-12-21_14-51-23/undist/rgb-017.jpg"
    }, {
      "tvec": [402.17000246755094, -16.777735222620493, -37.574075178293945],
      "rotmat": [
        [-0.9953138999275952, -0.05703166277130412, 0.07808732325071704],
        [0.09480743085111745, -0.4167168156441108, 0.9040788940213367],
        [-0.019020821915267355, 0.9072455483500446, 0.4201710643686627]
      ],
      "id": 54,
      "photoUri": "2018-12-21_14-51-23/undist/rgb-018.jpg"
    }, {
      "tvec": [432.910569734898, -35.20272038026394, -5.254863746143266],
      "rotmat": [
        [-0.986927139203032, -0.1401921535581312, 0.07950460354755165],
        [0.1308755792974503, -0.40924401738573857, 0.9029899871967234],
        [-0.09405532759007748, 0.9015905358391442, 0.4222417566243398]
      ],
      "id": 55,
      "photoUri": "2018-12-21_14-51-23/undist/rgb-019.jpg"
    }, {
      "tvec": [460.49005207954553, -55.22374972359135, 31.57149333054096],
      "rotmat": [
        [-0.9704776998775048, -0.22758067072495203, 0.07987535510311064],
        [0.16724757150815378, -0.3963602032506298, 0.9027329832811827],
        [-0.1737851658372833, 0.8894411883826271, 0.42272105287459705]
      ],
      "id": 56,
      "photoUri": "2018-12-21_14-51-23/undist/rgb-020.jpg"
    }, {
      "tvec": [484.7986293368259, -75.51217165506459, 69.27467867222603],
      "rotmat": [
        [-0.9476045269616535, -0.30919665594172735, 0.08026885097118835],
        [0.20087306109787267, -0.38137206031034754, 0.9023332892783085],
        [-0.2483861385161259, 0.8711789595537156, 0.42349916956701794]
      ],
      "id": 57,
      "photoUri": "2018-12-21_14-51-23/undist/rgb-021.jpg"
    }, {
      "tvec": [-38.34535376100285, 91.03913509841932, -196.58126318519078],
      "rotmat": [
        [-0.68431146906036, 0.7265879938790427, 0.06154429675672224],
        [-0.2626013140984565, -0.3242979389234464, 0.9087746676947857],
        [0.6802634512791461, 0.6057233146914789, 0.4127237609987488]
      ],
      "id": 58,
      "photoUri": "2018-12-21_14-51-23/undist/rgb-008.jpg"
    }, {
      "tvec": [519.5192045475778, -119.34803808090075, 151.93285866983604],
      "rotmat": [
        [-0.8772875362527871, -0.47287320193482246, 0.08220409738828865],
        [0.26904808891068593, -0.34267156842219515, 0.9001051727707047],
        [-0.397466608143404, 0.8117679046913479, 0.42784712728262697]
      ],
      "id": 59,
      "photoUri": "2018-12-21_14-51-23/undist/rgb-023.jpg"
    }, {
      "tvec": [531.8228013179847, -141.3043598753773, 193.82392760330038],
      "rotmat": [
        [-0.8336469490760985, -0.546105463382271, 0.08247173552283546],
        [0.29913356257092877, -0.3209283905774787, 0.8986234360759651],
        [-0.46427564661495835, 0.7738047499113616, 0.43089944647780376]
      ],
      "id": 60,
      "photoUri": "2018-12-21_14-51-23/undist/rgb-024.jpg"
    }, {
      "tvec": [539.8925388559168, -162.9805377807375, 237.3824535973193],
      "rotmat": [
        [-0.7824975573690659, -0.6172039281072792, 0.08220026666861255],
        [0.3264071851481769, -0.294187593726985, 0.8982828113577432],
        [-0.5302413810662934, 0.7297348633757823, 0.4316608703355429]
      ],
      "id": 61,
      "photoUri": "2018-12-21_14-51-23/undist/rgb-025.jpg"
    }, {
      "tvec": [543.612972826713, -185.06564646611798, 281.05155633430047],
      "rotmat": [
        [-0.7262310735136588, -0.6825568774153874, 0.08188123689927118],
        [0.3516491417226413, -0.2664957211357778, 0.8973978558822456],
        [-0.5907040790352887, 0.6805116749250358, 0.43355801376723957]
      ],
      "id": 62,
      "photoUri": "2018-12-21_14-51-23/undist/rgb-026.jpg"
    }, {
      "tvec": [542.7288789984161, -207.35459161319693, 325.6402182426655],
      "rotmat": [
        [-0.6638499424293994, -0.7433888650260839, 0.08170831837526865],
        [0.3747617641039199, -0.23612144979235872, 0.8965490957631226],
        [-0.6471915281446454, 0.6257952191437592, 0.43534293332338947]
      ],
      "id": 63,
      "photoUri": "2018-12-21_14-51-23/undist/rgb-027.jpg"
    }, {
      "tvec": [538.3508970713056, -228.8872274481638, 369.1692936156628],
      "rotmat": [
        [-0.5963884572275642, -0.7985500105440849, 0.08147814888525406],
        [0.39492947364894715, -0.20353975840287997, 0.8958807273251629],
        [-0.6988215215125329, 0.566471047282506, 0.43675969784490126]
      ],
      "id": 64,
      "photoUri": "2018-12-21_14-51-23/undist/rgb-028.jpg"
    }, {
      "tvec": [528.7792844699878, -249.6498869773085, 412.6420941289342],
      "rotmat": [
        [-0.524321231576139, -0.8477031216964396, 0.08053982607749005],
        [0.4121137421449196, -0.16985179864418765, 0.895160672746879],
        [-0.7451506623856625, 0.5025433155096641, 0.4384070099607927]
      ],
      "id": 65,
      "photoUri": "2018-12-21_14-51-23/undist/rgb-029.jpg"
    }, {
      "tvec": [514.4375807703184, -270.32919410996897, 456.51002387575176],
      "rotmat": [
        [-0.44843718835502067, -0.8902820435611716, 0.07938495457445738],
        [0.4266905601541781, -0.1351874559455657, 0.8942368353128158],
        [-0.7853911471206931, 0.43488186288635955, 0.4404980265074199]
      ],
      "id": 66,
      "photoUri": "2018-12-21_14-51-23/undist/rgb-030.jpg"
    }, {
      "tvec": [497.94193601593224, -289.4784586401693, 497.2354137567357],
      "rotmat": [
        [-0.37031444004353153, -0.9255882441056327, 0.07844499900374419],
        [0.43793150054586, -0.09948569537841756, 0.8934867638889364],
        [-0.8191966896447378, 0.3652245867798668, 0.44218523820518757]
      ],
      "id": 67,
      "photoUri": "2018-12-21_14-51-23/undist/rgb-031.jpg"
    }, {
      "tvec": [474.9342584206596, -307.4400182076691, 537.8057287447754],
      "rotmat": [
        [-0.2863248614258852, -0.9550289758600166, 0.0770566609529364],
        [0.44506147265657864, -0.06134897022072161, 0.8933960988327713],
        [-0.8484918145074857, 0.290096465198432, 0.4426123378230318]
      ],
      "id": 68,
      "photoUri": "2018-12-21_14-51-23/undist/rgb-032.jpg"
    }, {
      "tvec": [449.94588050338416, -325.01071575397344, 576.3180520050408],
      "rotmat": [
        [-0.20217118819524804, -0.9764302256925295, 0.07557000077912879],
        [0.4501250415546592, -0.024113876146568458, 0.8926398870443804],
        [-0.8697782807297144, 0.2144820163352254, 0.44439082690761994]
      ],
      "id": 69,
      "photoUri": "2018-12-21_14-51-23/undist/rgb-033.jpg"
    }, {
      "tvec": [422.1125212663605, -340.98794385419603, 611.1680681461521],
      "rotmat": [
        [-0.1179033339064488, -0.9901668268912478, 0.07528916773256294],
        [0.4510011081748256, 0.014153533381940475, 0.8924111596780294],
        [-0.8847015340095346, 0.13917374902230628, 0.4448975874336167]
      ],
      "id": 70,
      "photoUri": "2018-12-21_14-51-23/undist/rgb-034.jpg"
    }, {
      "tvec": [388.32767769319435, -355.7316191633029, 646.1152561733735],
      "rotmat": [
        [-0.029146899075735644, -0.9968770831080538, 0.07339304768332877],
        [0.4492378352962081, 0.05252696581350014, 0.8918667418402844],
        [-0.8929366302334371, 0.058966083780473855, 0.44630390470053943]
      ],
      "id": 71,
      "photoUri": "2018-12-21_14-51-23/undist/rgb-035.jpg"
    }]
  },
  "data": {
    "skeleton": {
      "points": [
        [426.42991765125794, 348.66998139842195, 204.3600800312963],
        [424.7323701638519, 333.9704450197408, 161.62573515270893],
        [424.8194206220322, 347.0002630742532, 198.5276560082952],
        [426.77089702407375, 345.70405743510804, 191.9412266173664],
        [414.9619255910784, 339.21965707390166, 189.59141850307367],
        [425.2006073684998, 334.6671136574682, 178.23154939879086],
        [426.09116592581097, 346.28916909779286, 194.60630853982045],
        [424.5305715009611, 334.9423970537679, 163.16318195551895],
        [415.81763399754976, 350.6261632673133, 204.82825568795948],
        [420.4770130705265, 338.8729084595103, 161.4108834047902],
        [422.08695427640987, 323.80230120160945, 171.41644700114026],
        [424.7974266906178, 326.9553891398894, 153.52935728557492],
        [427.4828579806336, 369.9656353163437, 253.84581600303966],
        [439.09393312909424, 384.07815652238327, 295.6825246816891],
        [444.4606197520168, 363.66069777704814, 289.37700643603273],
        [427.5367203013099, 357.3518559044724, 231.81908579443916],
        [438.0440434191056, 382.81525270987123, 287.60871820308125],
        [433.0098578315517, 367.7294616283235, 260.4017176381722],
        [427.0080858770845, 357.60226436786724, 228.9141056809169],
        [438.20309742072544, 365.10096720487917, 237.00783203647256],
        [428.46900717333375, 359.941085874051, 236.0217405623235],
        [440.701069165014, 364.7572939714843, 234.45199832247727],
        [428.77558188457283, 340.35058549107197, 224.18678997781743],
        [428.1693619643464, 345.1216064358897, 227.84634452439172],
        [444.3365198980712, 362.73784832298, 228.6309551703441],
        [435.1187166723019, 365.3857023138309, 240.03322079948833],
        [438.3045342026877, 365.0365742846112, 274.3835917296009],
        [435.9111648970541, 376.24130475636883, 272.88125122198915],
        [443.63497095914056, 363.26287209486077, 229.97210375234013],
        [427.7946370801609, 350.5070487568756, 231.22333055582857],
        [427.72237637673044, 353.2792778633638, 231.88756969484953],
        [420.64044384064823, 313.8129639153757, 125.11081720232937],
        [424.7494218070897, 331.92180530572205, 177.0302897917799],
        [425.0847149138876, 347.49691822999273, 200.42215964550664],
        [436.3620787199946, 377.99687156538846, 276.65149766944717],
        [425.3679969707546, 338.65092278315495, 177.9718963462205],
        [418.2249519505408, 347.052271352608, 199.76170712765193],
        [436.53583632653226, 378.4357990272669, 259.5316837299519],
        [416.2796239852124, 348.9082260171795, 202.16565305937883],
        [412.77968055764705, 336.45193385986926, 185.97865201908988],
        [427.10309048128494, 350.67078284586466, 209.53822906558798],
        [423.18216165985064, 323.01140514149085, 140.17942809548273],
        [424.545292007655, 320.1662482301143, 150.9380998848639],
        [425.69239898452486, 346.5759442846887, 196.045926834584],
        [438.94876229552455, 344.2256545751004, 193.5615774647809],
        [433.8692754067028, 347.4320607634809, 204.04772573820605],
        [441.0273366501009, 363.43562742577024, 281.04707678836314],
        [427.67161183957006, 349.6062453378008, 207.19978500572978],
        [435.96578943145823, 346.2756995184, 200.6708567547903],
        [418.780540510105, 346.6172581638871, 199.19924077162847],
        [431.5592313630479, 345.46285866311365, 181.96431315669722],
        [430.8191569376278, 345.33251266092134, 183.09153427368372],
        [438.8843821643653, 364.5371611736588, 275.70624976554063],
        [414.3511477097911, 327.1518189439588, 134.96974768210166],
        [422.9975561867527, 322.09102017460935, 138.57821130487423],
        [422.9810470139243, 326.5965313793337, 145.4145889957683],
        [434.1194734074906, 324.58014051840473, 143.38008245672108],
        [420.79710899381917, 314.4360365097345, 125.87299482000098],
        [418.12905028408414, 336.82489369849026, 150.78066285079038],
        [434.66511294534894, 344.2185688530465, 174.60002927485382],
        [419.29977326586175, 329.80629458665237, 145.81538660886702],
        [437.98221446907064, 365.3182604439013, 273.6526772882414],
        [419.70445334221637, 338.5593207891968, 158.37148029208558],
        [428.99012651378405, 338.85286975474366, 222.99131223485924],
        [418.29053051899217, 337.04864317239577, 151.5714053731038],
        [425.8793729634061, 314.38134793098504, 143.69368244804755],
        [436.01832706389, 343.1103856183152, 170.71873719709615],
        [427.1453915432971, 357.59201965705387, 229.75582703016065],
        [421.32207565450517, 316.1257449924163, 128.42583111335753],
        [414.80548090476276, 327.5424317440303, 136.0542918380432],
        [427.22559909750015, 345.17498750784875, 189.8541747393295],
        [420.166775979641, 307.56074167354495, 117.28536614025441],
        [424.7847821111648, 339.29554607606764, 174.92736101372984],
        [442.53918507257674, 363.9932550425354, 231.8871893736015],
        [430.40623888592074, 368.7624551077166, 256.9795570389952],
        [424.9278469359898, 328.8420562127666, 152.22815666398864],
        [434.19931122622154, 368.6016399981078, 264.73865188035285],
        [423.43369304159967, 327.36532740792165, 173.9334774632119],
        [424.9074173295712, 332.48031370427844, 177.40263128424564],
        [435.70474570546986, 343.39212232767693, 171.60914440739117],
        [439.8401096900274, 363.9237995221651, 278.0353577127261],
        [436.7527414610782, 379.86618349953403, 279.52950647987814],
        [421.9006625157869, 323.353361831123, 171.098796824702],
        [429.7437387933472, 345.03026395360234, 184.53919199915833],
        [419.629256774213, 309.40079567625634, 119.50391359075464],
        [428.27619711224986, 344.15466129123826, 227.1146863574229],
        [427.4034126463571, 344.97237034914195, 189.05112188965055],
        [423.99116191087205, 329.12846048813856, 175.16142406042542],
        [424.47941935099215, 322.06619030682737, 152.4279346344383],
        [412.92954608392665, 375.6154207437878, 239.98547977730263],
        [435.7420119549192, 374.2909568765447, 272.16666708297316],
        [432.60028957458223, 345.33371537075914, 179.9104391039765],
        [433.78639863199794, 344.7697908202287, 176.9619110324426],
        [433.2618984036658, 325.6932650359525, 145.21144863209133],
        [419.34385093570415, 374.10230667372963, 247.4507103045944],
        [434.60919739156805, 364.6692042848265, 257.12800775623333],
        [430.2275399775467, 367.0963578810244, 248.33719531943544],
        [424.5249316024476, 339.1109765712512, 173.43953540279244],
        [436.5434610156415, 378.85416609683307, 277.98164859577054],
        [422.32100981779854, 346.6908151553131, 199.23363432544042],
        [427.95534369096896, 347.4932976840886, 229.4889773217465],
        [421.35556260208654, 305.70599842199204, 115.03390550517744],
        [435.6487660739965, 373.5797957390714, 271.5236501934515],
        [424.61637195869366, 324.8215233115447, 153.37670926942835],
        [424.66361015954806, 325.47100886659933, 153.43472963480176],
        [425.5577342044553, 355.5835029425538, 221.13656894583204],
        [423.9644067861309, 353.519897160352, 214.6978025531056],
        [426.34419668552476, 351.7251891548124, 211.7428290211532],
        [425.95271107439163, 352.1713010184935, 212.62225000793865],
        [425.3468525835618, 352.7762916882164, 213.7533043601798],
        [425.5338588578561, 315.1010746492843, 144.74038995688213],
        [438.44248594236575, 384.1152383635856, 293.89192319460915],
        [432.82835108883256, 326.22984411269306, 146.11672016319474],
        [419.7331559795731, 353.6033917627014, 212.17528815166256],
        [426.72959514669043, 351.2148119181364, 210.69374386954505],
        [415.4699727990419, 339.97907533535016, 190.5889618074387],
        [426.23017692328284, 356.64057705739356, 224.38622716490866],
        [420.2769037262754, 338.83606979534284, 160.70749186157397],
        [436.6523972855571, 378.44525626908325, 258.88174788783203],
        [424.53025664174703, 323.07070970610664, 153.05430223128616],
        [418.2286502090654, 344.13608305069664, 195.9919768783668],
        [425.10458349205726, 333.6124348231733, 178.02922951013238],
        [422.3680539258803, 324.5633975288737, 171.9354860965773],
        [428.65572822451173, 341.4035946411007, 225.01481005292172],
        [416.6995654957228, 351.88304495178755, 207.32397591742983],
        [426.80142692866497, 357.55318089247294, 227.68160005898358],
        [420.1757936270933, 373.75782082219223, 248.33941217570538],
        [427.680535073385, 355.3105743027246, 232.28979939439142],
        [418.4011241994058, 374.41038995630566, 246.40843344720332],
        [428.01951218079023, 358.6794220168191, 234.3492755995503],
        [435.3442454362973, 343.7094244834037, 172.6394219050232],
        [423.7892259016907, 372.0713978170818, 251.72803429846033],
        [417.3096366583508, 374.75458459690776, 245.1430082781234],
        [440.32292738966197, 363.68552585727116, 279.25154650200705],
        [436.6491391405069, 366.62197494360777, 270.6729472904218],
        [420.5549697677983, 353.82861025035163, 213.12755344740557],
        [419.4362627285453, 338.35570013744297, 157.1485640235307],
        [435.96630416678846, 378.1126254113141, 263.3309304107021],
        [428.87497087238773, 339.640253596567, 223.6207219042772],
        [428.08290551443633, 345.9692505822968, 228.46589929942718],
        [414.35987284919275, 375.3861625273951, 241.65045947955244],
        [435.93237188911587, 378.0030630586932, 263.9611659351581],
        [435.1333809955336, 343.9058750573856, 173.307992932078],
        [424.40089798881, 330.50687360535596, 176.1103815395474],
        [434.701643655001, 347.00179437120863, 202.87296505924687],
        [425.1331354430654, 339.5243327974472, 176.68185326858026],
        [424.8304018217217, 317.5059908535, 147.98372034841515],
        [418.0869205941689, 329.56814371372406, 143.63368020134462],
        [436.40986514347406, 345.9861968568639, 199.75407363291313],
        [430.3818497707675, 348.86605500735624, 206.61441354331427],
        [431.3598864945856, 327.8490512010329, 149.05409250499065],
        [421.5625584621217, 338.76475962407824, 164.32286494845243],
