{
  "id": 0,
  "metadata": {
    "date": "2019-03-01",
    "label": "Scan 1 de plante à silique",
    "nbPhotos": 72
  },
  "filesUri": {
    "mesh": "data/2018-11-16_16-10-55/3d/mesh.ply",
    "pointCloud": "data/2018-11-16_16-10-55/3d/point_cloud.ply"
  },
  "workspace": {
    "x": [
      200,
      600
    ],
    "y": [
      200,
      600
    ],
    "z": [
      -100,
      240
    ]
  },
  "camera": {
    "params": [
      1110.8031042712591,
      1110.8031042712591,
      808.0,
      540.0,
      -0.01364674683433915,
      -0.01364674683433915,
      0.0,
      0.0
    ],
    "poses": [{
      "tvec": [-411.331822453292, 27.8714497333983, -17.059863660936887],
      "rotmat": [
        [0.0589509661428701, 0.9970185318754407, 0.049787856830384225],
        [-0.3310385676689772, -0.027527713482102145, 0.9432156125224598],
        [0.9417739910968522, -0.0720851724516764, 0.3284288014259985]
      ],
      "id": 0,
      "photoUri": "2018-11-16_16-10-55/undist/rgb-071.jpg"
    }, {
      "tvec": [-441.8256237480201, 18.530200402605775, 15.883448102405588],
      "rotmat": [
        [0.14035078297034587, 0.9888348146162851, 0.05007361702921498],
        [-0.33421563439836555, -0.00029002561155178075, 0.942496591828768],
        [0.9319879652888815, -0.14901552029209003, 0.33044334956050886]
      ],
      "id": 1,
      "photoUri": "2018-11-16_16-10-55/undist/rgb-070.jpg"
    }, {
      "tvec": [-470.4935219083588, 8.107447364949902, 54.114873323250364],
      "rotmat": [
        [0.22690613196325304, 0.9725181803266076, 0.05217275353763695],
        [-0.3360233230106724, 0.02789480967719893, 0.9414404951912461],
        [0.914112648238903, -0.23114988325174884, 0.33311829400734316]
      ],
      "id": 2,
      "photoUri": "2018-11-16_16-10-55/undist/rgb-069.jpg"
    }, {
      "tvec": [-495.53453070906806, -3.2533812301524403, 92.37889065323509],
      "rotmat": [
        [0.3092066405806513, 0.9495016301986563, 0.05327201583310054],
        [-0.3338783291367801, 0.05593547213747474, 0.9409550915370987],
        [0.8904585980008615, -0.3087359344275492, 0.3343136372322974]
      ],
      "id": 3,
      "photoUri": "2018-11-16_16-10-55/undist/rgb-068.jpg"
    }, {
      "tvec": [-515.9240226377715, -16.603362808225423, 132.20460124932117],
      "rotmat": [
        [0.38717903384065594, 0.9204843477525178, 0.05292410884311921],
        [-0.3299934317824851, 0.08474756460444571, 0.9401713595265673],
        [0.8609278313160951, -0.38147924692732293, 0.33656626900081354]
      ],
      "id": 4,
      "photoUri": "2018-11-16_16-10-55/undist/rgb-067.jpg"
    }, {
      "tvec": [-532.6340685059942, -31.647791774404904, 178.68653223993775],
      "rotmat": [
        [0.47068856083037863, 0.8806104454667815, 0.05456667516189351],
        [-0.3224384435238671, 0.11411688044343288, 0.9396865369556835],
        [0.8212708011620363, -0.45989409751882654, 0.33765617160954]
      ],
      "id": 5,
      "photoUri": "2018-11-16_16-10-55/undist/rgb-066.jpg"
    }, {
      "tvec": [-546.7851766136989, -44.56328187960068, 222.4990917806328],
      "rotmat": [
        [0.545266254062263, 0.8362326005061589, 0.058307375447833765],
        [-0.31276328485754806, 0.13841641961121642, 0.9396914506512913],
        [0.7777299273051179, -0.5306184435474505, 0.3370166576613941]
      ],
      "id": 6,
      "photoUri": "2018-11-16_16-10-55/undist/rgb-065.jpg"
    }, {
      "tvec": [-556.0539071737293, -59.12699899436436, 266.54985928745003],
      "rotmat": [
        [0.6135885564691419, 0.7873814429354966, 0.059494089546189344],
        [-0.30178003784729923, 0.16421029219904476, 0.9391292715557253],
        [0.729683419112013, -0.5941931026667338, 0.3383735577971231]
      ],
      "id": 7,
      "photoUri": "2018-11-16_16-10-55/undist/rgb-064.jpg"
    }, {
      "tvec": [-562.9779927192383, -73.96787796782955, 310.58982110873853],
      "rotmat": [
        [0.6783265495639155, 0.732240539527018, 0.060802010081037305],
        [-0.2886285063862725, 0.18944732382977258, 0.9385112129298012],
        [0.6756971788145503, -0.6541662661486902, 0.3398526427367289]
      ],
      "id": 8,
      "photoUri": "2018-11-16_16-10-55/undist/rgb-063.jpg"
    }, {
      "tvec": [-564.4656853038238, -89.70188675428263, 356.08132685150537],
      "rotmat": [
        [0.7396267184057495, 0.6702211581290693, 0.06128553350074811],
        [-0.2712040491828631, 0.2134669841357249, 0.9385521884215162],
        [0.6159550966808875, -0.7107991600164756, 0.33965257689691]
      ],
      "id": 9,
      "photoUri": "2018-11-16_16-10-55/undist/rgb-062.jpg"
    }, {
      "tvec": [-560.7179552003456, -104.97515930549335, 401.48218541074846],
      "rotmat": [
        [0.7946593294616702, 0.6038036724066639, 0.0627508987007751],
        [-0.2520503645555694, 0.2341381149705831, 0.9389621700821746],
        [0.5522564294120381, -0.7619714353610956, 0.3382489731940342]
      ],
      "id": 10,
      "photoUri": "2018-11-16_16-10-55/undist/rgb-061.jpg"
    }, {
      "tvec": [-555.3383694206365, -120.68593460859945, 446.7420868664492],
      "rotmat": [
        [0.8436816863365671, 0.5329345253254159, 0.06466841467408976],
        [-0.23249100233346418, 0.254134536810233, 0.9388096564449204],
        [0.4838896010189385, -0.8070913386453988, 0.3383111365434347]
      ],
      "id": 11,
      "photoUri": "2018-11-16_16-10-55/undist/rgb-060.jpg"
    }, {
      "tvec": [-543.224870704517, -136.05688988998486, 492.3313836816324],
      "rotmat": [
        [0.8880268394760876, 0.45476785060387265, 0.06778299511857422],
        [-0.21140337693592243, 0.27292185742311015, 0.9385213220597645],
        [0.40830986344956105, -0.8477616774765498, 0.33850139381093763]
      ],
      "id": 12,
      "photoUri": "2018-11-16_16-10-55/undist/rgb-059.jpg"
    }, {
      "tvec": [-527.2331506456645, -152.6104606316416, 534.6141528638415],
      "rotmat": [
        [0.9240572040911835, 0.3760657269586035, 0.06850439821122398],
        [-0.1876937634764693, 0.2902631671970099, 0.9383593900637432],
        [0.3330005025810382, -0.8799556027299662, 0.33880496233809526]
      ],
      "id": 13,
      "photoUri": "2018-11-16_16-10-55/undist/rgb-058.jpg"
    }, {
      "tvec": [-507.158208978216, -168.52665123007486, 577.7607309938319],
      "rotmat": [
        [0.9538450076346213, 0.29205588551697825, 0.06987890343589363],
        [-0.16222781599601704, 0.30532099672603275, 0.9383289533395975],
        [0.2527089969266462, -0.9063566895505961, 0.338608496909355]
      ],
      "id": 14,
      "photoUri": "2018-11-16_16-10-55/undist/rgb-057.jpg"
    }, {
      "tvec": [-483.96952730286137, -183.14403120048516, 616.738953936845],
      "rotmat": [
        [0.9755786319061656, 0.20759877340632354, 0.07175710590794698],
        [-0.13663025771778714, 0.3177547915950831, 0.9382771792462697],
        [0.17198402729342474, -0.9251673587511372, 0.33835905877836236]
      ],
      "id": 15,
      "photoUri": "2018-11-16_16-10-55/undist/rgb-056.jpg"
    }, {
      "tvec": [-456.9667433656032, -198.69242210972482, 653.9053150775983],
      "rotmat": [
        [0.98985644970839, 0.12165933332285941, 0.07337039993170924],
        [-0.10994057860749917, 0.3288411286563666, 0.9379640618272405],
        [0.08998487731919108, -0.9365161604155288, 0.3388808096284087]
      ],
      "id": 16,
      "photoUri": "2018-11-16_16-10-55/undist/rgb-055.jpg"
    }, {
      "tvec": [-428.594945542013, -213.37690654406606, 688.0132897370056],
      "rotmat": [
        [0.996737813839273, 0.03752827216360864, 0.0714517966976417],
        [-0.07992111855161364, 0.3356562941071269, 0.9385880177350064],
        [0.011240341292234998, -0.941236676407525, 0.33756062227835465]
      ],
      "id": 17,
      "photoUri": "2018-11-16_16-10-55/undist/rgb-054.jpg"
    }, {
      "tvec": [-399.9238149644317, -226.9851752472357, 722.7566040930495],
      "rotmat": [
        [0.9963931238563757, -0.04323860585194724, 0.07301483202550776],
        [-0.05404137572810031, 0.3400567908655639, 0.9388508447541752],
        [-0.06542379109427587, -0.9394103480110245, 0.3364935743943091]
      ],
      "id": 18,
      "photoUri": "2018-11-16_16-10-55/undist/rgb-053.jpg"
    }, {
      "tvec": [-361.51488460918847, -239.87562641280317, 753.5037539664753],
      "rotmat": [
        [0.9886304019011122, -0.13121237429587995, 0.07343869054172614],
        [-0.024382963197006967, 0.34204259411759697, 0.9393680508272773],
        [-0.14837587250823134, -0.9304784665111507, 0.3349543607963305]
      ],
      "id": 19,
      "photoUri": "2018-11-16_16-10-55/undist/rgb-052.jpg"
    }, {
      "tvec": [-321.37262970914816, -252.1417889882759, 781.1351336529967],
      "rotmat": [
        [0.9731541703765976, -0.21755958814107865, 0.0750918523311311],
        [0.004190636919544133, 0.3429629783801952, 0.9393395733294718],
        [-0.23011605602574697, -0.9138075404966135, 0.3346675659377306]
      ],
      "id": 20,
      "photoUri": "2018-11-16_16-10-55/undist/rgb-051.jpg"
    }, {
      "tvec": [-282.13792425350675, -262.4632468383666, 802.51321522433],
      "rotmat": [
        [0.9513700921373307, -0.2988734922268784, 0.07462964176998847],
        [0.033314470404059965, 0.3406657386836747, 0.939594061575957],
        [-0.30624352050011405, -0.8914154419411953, 0.3340560073108698]
      ],
      "id": 21,
      "photoUri": "2018-11-16_16-10-55/undist/rgb-050.jpg"
    }, {
      "tvec": [-229.84399182111574, -274.4298754636867, 826.0951494864099],
      "rotmat": [
        [0.9193890129778206, -0.38598423842103846, 0.0757628570356208],
        [0.06363552009226806, 0.3360246774350493, 0.9397009826201407],
        [-0.3881679577170886, -0.8591295500942814, 0.3334997042825413]
      ],
      "id": 22,
      "photoUri": "2018-11-16_16-10-55/undist/rgb-049.jpg"
    }, {
      "tvec": [-182.18463782580375, -283.44884740790275, 842.902441011729],
      "rotmat": [
        [0.8815539546649045, -0.4657382417640548, 0.07713958240225599],
        [0.09148926443876121, 0.32885261582168607, 0.9399391850325685],
        [-0.4631331768585814, -0.8215496620568725, 0.3325113731395012]
      ],
      "id": 23,
      "photoUri": "2018-11-16_16-10-55/undist/rgb-048.jpg"
    }, {
      "tvec": [-125.74249289298456, -290.3039144313545, 855.3983694468493],
      "rotmat": [
        [0.8337695205960706, -0.5466662267751774, 0.07735905265958853],
        [0.12095761218412068, 0.3175722230018829, 0.9404877134935673],
        [-0.5386999559863678, -0.7747928237154967, 0.33090548157933675]
      ],
      "id": 24,
      "photoUri": "2018-11-16_16-10-55/undist/rgb-047.jpg"
    }, {
      "tvec": [-64.95539963065562, -298.3538261442511, 864.6912404010485],
      "rotmat": [
        [0.7772059815187994, -0.6240431885056488, 0.08075246851399015],
        [0.14810885815621216, 0.30614875978674744, 0.9403917816616113],
        [-0.6115673539578961, -0.7189179617736227, 0.33036697143055566]
      ],
      "id": 25,
      "photoUri": "2018-11-16_16-10-55/undist/rgb-046.jpg"
    }, {
      "tvec": [-19.99912107345528, -301.422668087185, 866.6648968221069],
      "rotmat": [
        [0.722470190349257, -0.6866071592360605, 0.08128611777232025],
        [0.17180874399089285, 0.29216333892468505, 0.940809406243715],
        [-0.6697152973801481, -0.6657410850129101, 0.3290444167294942]
      ],
      "id": 26,
      "photoUri": "2018-11-16_16-10-55/undist/rgb-045.jpg"
    }, {
      "tvec": [32.08052446227515, -302.421791457574, 865.1362965938708],
      "rotmat": [
        [0.6567401119514421, -0.7495998564517334, 0.08241650660849359],
        [0.19461720457726467, 0.2740582936389835, 0.9418153722307891],
        [-0.7285715949970453, -0.6024882628692689, 0.32587010305984243]
      ],
      "id": 27,
      "photoUri": "2018-11-16_16-10-55/undist/rgb-044.jpg"
    }, {
      "tvec": [78.37353112505872, -302.7775056416376, 858.320681030543],
      "rotmat": [
        [0.5913340794248099, -0.8021338163335071, 0.08309841878794277],
        [0.215574038133184, 0.25652915996683967, 0.9421892719457488],
        [-0.7770790439805756, -0.539234764069372, 0.3246136605648067]
      ],
      "id": 28,
      "photoUri": "2018-11-16_16-10-55/undist/rgb-043.jpg"
    }, {
      "tvec": [128.59456943007612, -302.0211993230388, 849.0904469944433],
      "rotmat": [
        [0.5177555777366196, -0.8515053320485602, 0.08287237908670658],
        [0.23580059154613725, 0.2351474903253828, 0.9429229760803189],
        [-0.8223911738030212, -0.4686622742301171, 0.32253438570847515]
      ],
      "id": 29,
      "photoUri": "2018-11-16_16-10-55/undist/rgb-042.jpg"
    }, {
      "tvec": [175.1334077626361, -299.0250844042104, 834.5894755142898],
      "rotmat": [
        [0.4410449621434545, -0.8935765900881956, 0.08366731150354811],
        [0.25299590385575316, 0.21323015275479335, 0.9436768380056693],
        [-0.8610879246628008, -0.39503642819684437, 0.3201153017232857]
      ],
      "id": 30,
      "photoUri": "2018-11-16_16-10-55/undist/rgb-041.jpg"
    }, {
      "tvec": [219.77473163535882, -295.62368220527657, 816.3838126281706],
      "rotmat": [
        [0.36338518207803294, -0.9278713950850987, 0.08370115667628375],
        [0.2688705207391698, 0.19046874616444542, 0.944155866269967],
        [-0.8919976751783396, -0.32058747779253166, 0.3186907851806519]
      ],
      "id": 31,
      "photoUri": "2018-11-16_16-10-55/undist/rgb-040.jpg"
    }, {
      "tvec": [266.14143194589593, -290.8054836864701, 795.0081720816405],
      "rotmat": [
        [0.27831984417323097, -0.9568075344606917, 0.08400837064626981],
        [0.2829095422852677, 0.1652482919281365, 0.9448043146063496],
        [-0.9178781265632867, -0.2391910199277683, 0.3166818604887012]
      ],
      "id": 32,
      "photoUri": "2018-11-16_16-10-55/undist/rgb-039.jpg"
    }, {
      "tvec": [306.2827032363936, -284.642074243935, 769.9907328720856],
      "rotmat": [
        [0.19632423792395226, -0.9769542685973049, 0.08376843482532309],
        [0.29451230434595743, 0.14023825983520655, 0.9453019269351075],
        [-0.9352642921615331, -0.16091484564171865, 0.3152572223751398]
      ],
      "id": 33,
      "photoUri": "2018-11-16_16-10-55/undist/rgb-038.jpg"
    }, {
      "tvec": [348.09576202977564, -277.0309969203493, 740.973812644128],
      "rotmat": [
        [0.10810180034818984, -0.9906993927447523, 0.08263603316144325],
        [0.3045946769399372, 0.11213213148602541, 0.9458585876695607],
        [-0.9463276829625853, -0.07707852037746793, 0.313883446768199]
      ],
      "id": 34,
      "photoUri": "2018-11-16_16-10-55/undist/rgb-037.jpg"
    }, {
      "tvec": [383.46662496610395, -269.0879203347481, 710.4740520470801],
      "rotmat": [
        [0.022621525602196102, -0.9964101698768304, 0.08157842818696154],
        [0.31307880256679405, 0.08455543271070565, 0.9459556237913318],
        [-0.9494577030930718, 0.004141517249918125, 0.3138676757362838]
      ],
      "id": 35,
      "photoUri": "2018-11-16_16-10-55/undist/rgb-036.jpg"
    }, {
      "tvec": [285.48406533237846, 27.68345813285155, -129.07390680961402],
      "rotmat": [
        [-0.9708581105442818, 0.2349957046106162, 0.047027098623538446],
        [-0.0293878894715104, -0.3114850353079496, 0.9497965175402657],
        [0.23784633935126748, 0.9207356252441664, 0.3093138006352707]
      ],
      "id": 36,
      "photoUri": "2018-11-16_16-10-55/undist/rgb-015.jpg"
    }, {
      "tvec": [241.93461762275487, 37.363623267585595, -151.91162038665237],
      "rotmat": [
        [-0.9466190506747626, 0.3189392646622461, 0.0467987003699519],
        [-0.05702533376701871, -0.30857332514003144, 0.9494896599335794],
        [0.31727036452901003, 0.8961362890033691, 0.3102890061263839]
      ],
      "id": 37,
      "photoUri": "2018-11-16_16-10-55/undist/rgb-014.jpg"
    }, {
      "tvec": [197.96251083717308, 45.9166129127482, -168.89921769515692],
      "rotmat": [
        [-0.9164108861633317, 0.3975480755308408, 0.04633158062338982],
        [-0.08448221512447093, -0.30528680451412005, 0.9485055204463597],
        [0.3912209644804319, 0.8653065899617789, 0.3133538930980728]
      ],
      "id": 38,
      "photoUri": "2018-11-16_16-10-55/undist/rgb-013.jpg"
    }, {
      "tvec": [149.51294919602026, 53.49993534230277, -182.9663167927695],
      "rotmat": [
        [-0.8771226463421437, 0.4780474907924235, 0.0461135535479833],
        [-0.11236011636905696, -0.29760991345078347, 0.9480525004794561],
        [0.46693796967401024, 0.8263769938489848, 0.31475386655897986]
      ],
      "id": 39,
      "photoUri": "2018-11-16_16-10-55/undist/rgb-012.jpg"
    }, {
      "tvec": [101.83762910358124, 59.63216442659681, -193.536910783731],
      "rotmat": [
        [-0.832622905431776, 0.5518051707039716, 0.047435755867372836],
        [-0.13753251940216746, -0.2889674940633068, 0.9474083562443734],
        [0.5364922212457891, 0.7823099391923471, 0.31649210982839004]
      ],
      "id": 40,
      "photoUri": "2018-11-16_16-10-55/undist/rgb-011.jpg"
    }, {
      "tvec": [53.95686716237866, 64.7305969578965, -199.37301048523494],
      "rotmat": [
        [-0.781814563334687, 0.6217381090574334, 0.04698629910389307],
        [-0.16367732817908515, -0.27736466665923254, 0.9467199025737072],
        [0.6016441812217164, 0.7324688153325714, 0.3186121682662957]
      ],
      "id": 41,
      "photoUri": "2018-11-16_16-10-55/undist/rgb-010.jpg"
    }, {
      "tvec": [2.604699257074568, 67.96038264322759, -201.33136294215115],
      "rotmat": [
        [-0.7240654826164238, 0.6880819066242159, 0.04767039605278611],
        [-0.18793082362616625, -0.26331356483239876, 0.9462282875218037],
        [0.6636348261014008, 0.6761725048770012, 0.3199680628339733]
      ],
      "id": 42,
      "photoUri": "2018-11-16_16-10-55/undist/rgb-009.jpg"
    }, {
      "tvec": [-46.11523044889365, 69.6583771557888, -199.63760283348893],
      "rotmat": [
        [-0.6616629181853285, 0.7484221473077818, 0.04545846585274044],
        [-0.21192267328369896, -0.2448226857969471, 0.9461240051216651],
        [0.7192294232348719, 0.6163814905871028, 0.3205977149245688]
      ],
      "id": 43,
      "photoUri": "2018-11-16_16-10-55/undist/rgb-008.jpg"
    }, {
      "tvec": [-96.62342101089637, 70.28683201875457, -193.72872535714762],
      "rotmat": [
        [-0.5915930737778236, 0.8048693812002181, 0.0469352134807583],
        [-0.23310997837798292, -0.22648797768871154, 0.9457076366103289],
        [0.771801381858521, 0.5485330210378, 0.3216118029432715]
      ],
      "id": 44,
      "photoUri": "2018-11-16_16-10-55/undist/rgb-007.jpg"
    }, {
      "tvec": [-145.35077741921432, 70.01973809072992, -183.79665647557582],
      "rotmat": [
        [-0.5197313971781596, 0.8531194676017111, 0.04545820922794214],
        [-0.25437711111566813, -0.2053269053381518, 0.9450572190532724],
        [0.8155805049948688, 0.47961238093196773, 0.3237289049947253]
      ],
      "id": 45,
      "photoUri": "2018-11-16_16-10-55/undist/rgb-006.jpg"
    }, {
      "tvec": [-364.96963488934205, 45.27802740358547, -76.40406160410991],
      "rotmat": [
        [-0.11034743702770378, 0.9927342123183698, 0.047981525966179606],
        [-0.3249482932781123, -0.08165871031478678, 0.9421997992598852],
        [0.9392720850941219, 0.08837781804475564, 0.33159811736586975]
      ],
      "id": 46,
      "photoUri": "2018-11-16_16-10-55/undist/rgb-001.jpg"
    }, {
      "tvec": [-402.0655854499272, 37.61356993952338, -47.103855791464945],
      "rotmat": [
        [-0.02945913769702091, 0.9983645502230114, 0.048993714537199584],
        [-0.33257638434591974, -0.056012264063687645, 0.9414114800924489],
        [0.9426160977733955, 0.011439017985141464, 0.33368254537208314]
      ],
      "id": 47,
      "photoUri": "2018-11-16_16-10-55/undist/rgb-000.jpg"
    }, {
      "tvec": [-324.7923849474362, 51.920660596318406, -105.11099697402275],
      "rotmat": [
        [-0.19648559954036704, 0.9794143097891546, 0.04627114601451937],
        [-0.31485598228361583, -0.10771610985832569, 0.9430073966291087],
        [0.9285790863429364, 0.17071862656788073, 0.3295391189969627]
      ],
      "id": 48,
      "photoUri": "2018-11-16_16-10-55/undist/rgb-002.jpg"
    }, {
      "tvec": [-282.46736751381263, 57.735037518720944, -130.23041134097346],
      "rotmat": [
        [-0.2813044174136162, 0.9585792366384149, 0.044650552396358734],
        [-0.30352523032774026, -0.13302024845681126, 0.9434924737670041],
        [0.9103517228511618, 0.25185603146679286, 0.32837216708442185]
      ],
      "id": 49,
      "photoUri": "2018-11-16_16-10-55/undist/rgb-003.jpg"
    }, {
      "tvec": [-236.62302181254495, 63.03176057812183, -153.0629644228157],
      "rotmat": [
        [-0.36471926332061044, 0.930072976648507, 0.044092142962857905],
        [-0.2898083463880838, -0.15839261678784466, 0.9438871231831185],
        [0.8848677761827899, 0.33147554518438427, 0.32731174989303297]
      ],
      "id": 50,
      "photoUri": "2018-11-16_16-10-55/undist/rgb-004.jpg"
    }, {
      "tvec": [-193.12103564394246, 65.55687730426229, -169.7325428980772],
      "rotmat": [
        [-0.44182778882058815, 0.8959650432789894, 0.04510927008929466],
        [-0.2716407284871181, -0.1815385263889422, 0.9451217265852687],
        [0.8549850990823746, 0.4053275276348874, 0.3235893627554711]
      ],
      "id": 51,
      "photoUri": "2018-11-16_16-10-55/undist/rgb-005.jpg"
    }, {
      "tvec": [326.098406478789, 16.11922984230882, -103.55918113512405],
      "rotmat": [
        [-0.9877513168611027, 0.14797403941299692, 0.04950777412648151],
        [0.0010048230888813209, -0.31124492021979266, 0.9503292008393383],
        [0.15603309382857833, 0.9387386661351369, 0.3072838920820715]
      ],
      "id": 52,
      "photoUri": "2018-11-16_16-10-55/undist/rgb-016.jpg"
    }, {
      "tvec": [364.12404633152136, 5.428869614523002, -76.10468413511458],
      "rotmat": [
        [-0.9966527179799736, 0.06372637852178656, 0.05120847999726103],
        [0.02903875020986002, -0.3095813480505505, 0.9504294502620663],
        [0.07642061717482565, 0.9487351251111673, 0.3066945575828117]
      ],
      "id": 53,
      "photoUri": "2018-11-16_16-10-55/undist/rgb-017.jpg"
    }, {
      "tvec": [400.95281900152816, -6.780946954446895, -44.89892664125998],
      "rotmat": [
        [-0.9983678622756154, -0.023204961867958358, 0.05218372658142737],
        [0.056785228308581834, -0.30595772406739397, 0.9503500980846181],
        [-0.00608682356905537, 0.9517622606660802, 0.30677605798144014]
      ],
      "id": 54,
      "photoUri": "2018-11-16_16-10-55/undist/rgb-018.jpg"
    }, {
      "tvec": [432.59182918797717, -20.82906843947497, -9.87526374923749],
      "rotmat": [
        [-0.9923571888447539, -0.11073457511382861, 0.05445239776628654],
        [0.08541497258951847, -0.29792917053681245, 0.950758903087833],
        [-0.08905892546887059, 0.9481434824000043, 0.30511054484681965]
      ],
      "id": 55,
      "photoUri": "2018-11-16_16-10-55/undist/rgb-019.jpg"
    }, {
      "tvec": [461.131871039712, -35.4661920763676, 26.487708441961008],
      "rotmat": [
        [-0.9791379558020499, -0.1951296452116302, 0.05668584538812724],
        [0.11252485799945663, -0.28840453345795025, 0.9508737988887404],
        [-0.16919521222536255, 0.9374151943725286, 0.30434476095298424]
      ],
      "id": 56,
      "photoUri": "2018-11-16_16-10-55/undist/rgb-020.jpg"
    }, {
      "tvec": [486.8772195417718, -50.646228613519924, 65.76041895627918],
      "rotmat": [
        [-0.9586154060825551, -0.2785063893272752, 0.059082098177555664],
        [0.13873616339642975, -0.2757487864521685, 0.9511650139361706],
        [-0.2486137168122814, 0.9199982597125066, 0.3029759428382758]
      ],
      "id": 57,
      "photoUri": "2018-11-16_16-10-55/undist/rgb-021.jpg"
    }, {
      "tvec": [508.76086962224707, -66.48788113896146, 107.64465680208095],
      "rotmat": [
        [-0.9296689064927763, -0.36333147632425106, 0.06087661794618643],
        [0.16473068173502453, -0.2621854905357618, 0.9508536012697414],
        [-0.3295140767791868, 0.8940072745031565, 0.30359754007534046]
      ],
      "id": 58,
      "photoUri": "2018-11-16_16-10-55/undist/rgb-022.jpg"
    }, {
      "tvec": [525.5078782466778, -82.9470200088124, 150.6854238514038],
      "rotmat": [
        [-0.8944652178548284, -0.4425079235167886, 0.06417718966093042],
        [0.18927853266104055, -0.24468222039767418, 0.9509491301299706],
        [-0.40509950767879055, 0.8627382851398937, 0.3026169860273501]
      ],
      "id": 59,
      "photoUri": "2018-11-16_16-10-55/undist/rgb-023.jpg"
    }, {
      "tvec": [539.2601273497463, -99.60154400197341, 194.98030616841075],
      "rotmat": [
        [-0.8526538468681008, -0.5182227710694501, 0.06653252562566761],
        [0.21196682513540113, -0.2267121815409927, 0.9506164588218229],
        [-0.47754736148684573, 0.8246494687356711, 0.30315304921924746]
      ],
      "id": 60,
      "photoUri": "2018-11-16_16-10-55/undist/rgb-024.jpg"
    }, {
      "tvec": [549.8808481329253, -116.00435124764515, 239.86616690911436],
      "rotmat": [
        [-0.8044662391597079, -0.5900383556838149, 0.06847487768646204],
        [0.23335617657511804, -0.20792339908163615, 0.949901444871299],
        [-0.5462407572732726, 0.7801426785763479, 0.3049564496075513]
      ],
      "id": 61,
      "photoUri": "2018-11-16_16-10-55/undist/rgb-025.jpg"
    }, {
      "tvec": [555.3966899028596, -132.20984944921506, 286.6859582436131],
      "rotmat": [
        [-0.7498549089692805, -0.6579155443052993, 0.06974777456044418],
        [0.25072067117152874, -0.1850219812168259, 0.9502136662424401],
        [-0.6122554699975908, 0.7300095910521058, 0.30369266772506465]
      ],
      "id": 62,
      "photoUri": "2018-11-16_16-10-55/undist/rgb-026.jpg"
    }, {
      "tvec": [557.3517793687541, -149.11639161051318, 333.03425185834493],
      "rotmat": [
        [-0.6897437155679184, -0.7204408504590196, 0.07223979391199048],
        [0.2683522693418976, -0.1616947659624267, 0.9496535485109344],
        [-0.6724884135608702, 0.674403279685264, 0.30485988581009393]
      ],
      "id": 63,
      "photoUri": "2018-11-16_16-10-55/undist/rgb-027.jpg"
    }, {
      "tvec": [554.0178120669808, -165.8952640677843, 378.9561146054814],
      "rotmat": [
        [-0.6245203031359605, -0.7773657656618863, 0.07534492250893421],
        [0.284313894772091, -0.1364344141903684, 0.9489737930333249],
        [-0.7274200988496897, 0.6140750092630707, 0.3062219502061656]
      ],
      "id": 64,
      "photoUri": "2018-11-16_16-10-55/undist/rgb-028.jpg"
    }, {
      "tvec": [546.8989218882084, -180.74507633273672, 424.95537589551657],
      "rotmat": [
        [-0.5544130185016247, -0.8288408940558942, 0.07515967839568993],
        [0.29570323696024475, -0.1117660845593138, 0.9487191038413394],
        [-0.7779368872647389, 0.5482071822613295, 0.3070555076039878]
      ],
      "id": 65,
      "photoUri": "2018-11-16_16-10-55/undist/rgb-029.jpg"
    }, {
      "tvec": [535.3587527721359, -195.00079155468643, 471.8818351494304],
      "rotmat": [
        [-0.4794308229947085, -0.8744238751450493, 0.07435706112355656],
        [0.3048079482617841, -0.08646617186040173, 0.948480740869444],
        [-0.8229448345053626, 0.47739552542951547, 0.30798589523031494]
      ],
      "id": 66,
      "photoUri": "2018-11-16_16-10-55/undist/rgb-030.jpg"
    }, {
      "tvec": [520.8747421992002, -209.85719616146602, 514.0920205111489],
      "rotmat": [
        [-0.40428131671108003, -0.9112718133483517, 0.0783600609696215],
        [0.3126584535809023, -0.05717879334291753, 0.9481430677889531],
        [-0.8595355189651879, 0.4078164633614676, 0.3080331538139852]
      ],
      "id": 67,
      "photoUri": "2018-11-16_16-10-55/undist/rgb-031.jpg"
    }, {
      "tvec": [501.6572971515167, -222.59784914902644, 556.9505954035122],
      "rotmat": [
        [-0.32395624978499526, -0.9428629985219504, 0.07785701152393809],
        [0.315548683612204, -0.03010182968777031, 0.9484318152192354],
        [-0.8918976266903322, 0.3318180915315577, 0.3072708538675734]
      ],
      "id": 68,
      "photoUri": "2018-11-16_16-10-55/undist/rgb-032.jpg"
    }, {
      "tvec": [477.31737861881896, -235.38692626361131, 599.3025268838245],
      "rotmat": [
        [-0.23887554672672495, -0.9678848324702631, 0.07834171462266609],
        [0.31942005949941227, -0.002132675692829933, 0.9476108258582642],
        [-0.9170110679623231, 0.25138496925711407, 0.3096712748483455]
      ],
      "id": 69,
      "photoUri": "2018-11-16_16-10-55/undist/rgb-033.jpg"
    }, {
      "tvec": [451.0749664867128, -247.19953349098512, 636.9441696542971],
      "rotmat": [
        [-0.15435355250614813, -0.9848342451077297, 0.07922430493112576],
        [0.3196474077520213, 0.026096509741511786, 0.9471771254082967],
        [-0.9348799471301888, 0.17152399786152206, 0.3107716245274909]
      ],
      "id": 70,
      "photoUri": "2018-11-16_16-10-55/undist/rgb-034.jpg"
    }, {
      "tvec": [417.79114901816985, -257.86193484515127, 675.7801969892828],
      "rotmat": [
        [-0.06441264955636616, -0.9946474194045362, 0.08079307921490408],
        [0.31609981876630233, 0.05645601424355984, 0.9470446784770199],
        [-0.9465368007389041, 0.0865403346863644, 0.31077138754932443]
      ],
      "id": 71,
      "photoUri": "2018-11-16_16-10-55/undist/rgb-035.jpg"
    }]
  },
  "data": {
    "skeleton": {
      "points": [
        [341.36430703702655, 389.4506775676454, 216.47107212066513],
        [358.3322766540485, 423.76066133376474, 180.87619676729108],
        [366.23580115431133, 397.5726525073504, 194.26954160662396],
        [366.0237292295377, 398.2361557122794, 192.9667477826792],
        [384.6237590846146, 409.4163575904144, 199.14659047689852],
        [385.7760582781984, 410.4538940587009, 197.2319860108575],
        [382.6551407726621, 407.63047997971563, 202.0121884682772],
        [367.4773106227672, 395.689853861284, 202.88633492050738],
        [355.33349614899794, 410.21629012288236, 67.97768200234478],
        [366.8969680678131, 395.606919367536, 224.1701510881186],
        [362.69125538037997, 408.9877023853183, 190.3505819271965],
        [352.8950511320117, 409.4751670164938, 139.16030366105653],
        [367.66768495709954, 395.75266885159846, 225.66433241654929],
        [373.06534104206804, 374.1029494506065, 189.19937635433513],
        [380.4478770290067, 405.6496770389984, 204.57785555719641],
        [368.32747533784817, 409.6194838388881, 120.79702390846099],
        [355.3337429597508, 408.34716859298976, 140.6598036445836],
        [357.39193043057844, 420.1294076454959, 163.02586243669344],
        [358.9355573732887, 421.6186296360511, 182.50735911582956],
        [360.97629575552827, 402.8848335785977, 126.10560487353798],
        [357.2484014323172, 398.53304341910444, 121.91738497978972],
        [356.7661462525021, 397.78563318411824, 121.06741716006411],
        [366.61256017285996, 399.57172214054907, 171.08568014830453],
        [360.2759173734744, 413.15367021930956, 165.69774869277683],
        [368.8580279530206, 396.6444724432471, 214.70097376980445],
        [366.0816352082182, 401.49259364327025, 165.06193000135897],
        [373.91006966450254, 400.49218711826944, 209.28886918320532],
        [369.39635502259677, 397.08713702355595, 212.80587810154918],
        [385.23385233700054, 409.96226432827734, 198.14067550186186],
        [370.3466451491166, 415.3351060605632, 118.69281423784108],
        [366.5131246807455, 402.4994172131155, 155.00723953177837],
        [373.2539525613646, 425.83951858105706, 117.51850973465386],
        [374.423870274632, 436.88337095862715, 115.99057156875736],
        [367.5082751180523, 408.79822792559435, 123.10888086626316],
        [367.59755065571125, 391.608285016361, 197.959754133906],
        [367.23738315728843, 394.2995906947426, 198.79463752250996],
        [358.7235968573411, 422.36471022819114, 181.94511439652288],
        [372.4696069794692, 422.2794634214894, 118.04962926205992],
        [368.8679991898211, 396.4389702334781, 176.43576940266973],
        [361.3690501193302, 413.4911869117002, 187.94334178036365],
        [386.6600641195577, 411.28926697829513, 195.62627839189128],
        [364.6158719726187, 403.74460610107576, 167.03495781986274],
        [364.6022760816217, 402.56167786564504, 192.9652987249147],
        [375.6459731040735, 391.0851686057367, 177.10522741008495],
        [374.7497151829027, 370.3493857235095, 187.04893056100946],
        [363.2720488013739, 405.6152510683677, 143.73556176067197],
        [376.7474921313513, 390.3396396069644, 177.31158197393123],
        [378.35562200429416, 389.27670866659446, 177.6072444776024],
        [391.44527471309834, 382.58735496715695, 180.33988241783743],
        [373.89505443105026, 372.2117041440932, 188.11989179149273],
        [360.6645486237435, 412.214756500324, 165.9311838526617],
        [360.86952102320004, 415.1910382064448, 186.92918176141598],
        [361.83719806926615, 409.4906525884354, 166.4650932283545],
        [342.18219423251384, 389.68516013365684, 216.97236739980977],
        [350.61563509161755, 410.67862655771904, 137.60246135320745],
        [365.2941149365468, 406.656583489775, 127.85732303269883],
        [356.44204289032945, 407.88850933766065, 141.27307921246998],
        [358.5616118563021, 407.09383629875924, 142.31565759425482],
        [347.2619712605558, 412.65873873928876, 135.15195260364487],
        [357.76707168674113, 419.22457550682964, 163.44351116376058],
        [343.37060361623634, 415.0613978724919, 132.25500596870012],
        [345.09580884512724, 413.9973862082594, 133.5440177616105],
        [342.9388894960528, 415.3382896161332, 131.92676337819208],
        [368.7031620271367, 396.6590698566199, 208.8608279597977],
        [368.33203503679647, 388.1541072525053, 196.6622700750305],
        [373.8255947409495, 430.10410373485837, 116.86629339962451],
        [369.7646139587752, 409.9714463338771, 108.59622661628605],
        [351.9071347059745, 392.23488295053096, 221.67545470799405],
        [375.2061291388923, 399.06441942512475, 70.22081907724667],
        [376.88359438029204, 391.8526980290882, 109.89414254011713],
        [369.6588302132272, 408.46262026188253, 114.78871930901234],
        [359.6087195822807, 424.9941828588906, 100.00005851722158],
        [363.3577906181358, 419.5840720731599, 101.70730141642741],
        [357.8079964586989, 427.81739907974946, 98.68749319669325],
        [370.76812478982845, 412.1407110759348, 97.6580265296979],
        [357.1550577006531, 428.8783892053458, 98.16315261883298],
        [365.7975386775172, 416.5358672599242, 102.05844634127493],
        [392.6420620719683, 422.33758299245454, 86.16365766358531],
        [373.36929764323287, 412.64434129030474, 82.95791815163783],
        [365.81529544181774, 406.6328052658979, 133.34427966313646],
        [371.8148502422067, 412.31218226352337, 94.32583969536802],
        [385.22682255331046, 417.5722217875289, 89.00462269970589],
        [384.057593580802, 416.91466612994986, 89.39868876081322],
        [376.0371424357712, 391.687625332002, 63.19283187467436],
        [365.8002302713914, 406.08585687233955, 138.81941865782989],
        [372.72792756781206, 417.28861508324064, 60.15226087042993],
        [376.4557275856737, 412.1034351215397, 58.743982784144265],
        [394.4691230676619, 426.3265497395376, 76.78612045090868],
        [364.5745803513445, 405.22991402319303, 144.05672659887063],
        [363.1761274780344, 410.71672139885595, 78.06307379173016],
        [391.22060386290406, 424.224932143016, 77.6819523282223],
        [356.3462476598, 410.1829187938037, 69.26218673556359],
        [377.11391459620086, 412.320037792046, 56.73782976235805],
        [373.29286328478, 412.7593988110237, 87.9918075741825],
        [374.7701580597773, 413.21224889387355, 80.98767049152616],
        [358.5381787062619, 410.1899966526931, 72.13966498555313],
        [394.7119219965976, 421.63607678113397, 27.13535876430767],
        [375.4378863570764, 405.3705208952969, 57.057098316914875],
        [354.46731222011, 427.62712317914327, 158.94693867205086],
        [371.34428581785664, 429.70847777765, 51.21021684646083],
        [382.46192364675716, 418.67224053875134, 79.8576634479809],
        [354.8552841149106, 432.6631926359044, 96.2026919933731],
        [352.91744781163953, 390.09132673002557, 111.72447346845428],
        [379.2790714364141, 412.0901048005628, 46.07119179805579],
        [374.5800428755074, 411.559841034342, 78.28691789931732],
        [373.7984285915244, 394.81631136393855, 46.82247773218357],
        [373.47616006240804, 397.815101876175, 111.30129460863918],
        [364.3523394981586, 410.93934399809604, 79.31208797404015],
        [362.5046580271792, 410.60144095396373, 77.28872151321433],
        [375.7730384947404, 412.81529258475575, 66.26142363588032],
        [371.4603885048598, 421.2272918598452, 57.83135531745845],
        [379.3346216510331, 414.75248686269936, 90.36597090214757],
        [382.58664982116693, 416.1815801521118, 89.790092367957],
        [375.03146196753374, 412.6454328788707, 74.71584709083409],
        [386.18976541475627, 421.0315521829315, 78.98580350305423],
        [354.4851767829785, 410.2502205477242, 66.92834128402586],
        [357.8951828479029, 410.1697360078168, 71.28218436981798],
        [374.6689981569195, 402.2889779030942, 73.19368184390405],
        [375.67371071896497, 412.877074891223, 68.22925959123256],
        [375.52693822948464, 406.16764872742334, 57.68794906592666],
        [390.59668534256883, 423.8346531851427, 77.84651810649397],
        [374.5690925954964, 403.03690227950943, 73.82004811006999],
        [374.911145572183, 400.7630235150982, 71.83207855491624],
        [371.29234227467265, 428.9484113592448, 51.81944130787398],
        [374.3734545401106, 409.80274983698746, 77.65057437868889],
        [366.4345476878512, 397.5249644945108, 187.49144679053157],
        [372.2310022901325, 412.491951504843, 85.02318972955463],
        [370.3431115518173, 412.142096305976, 83.56998743402798],
        [365.66734243573615, 406.630227018783, 132.2151082470297],
        [365.6102692084344, 405.94400000108, 139.71335972248335],
        [353.3943975433308, 391.14640952868336, 113.01877441739694],
        [349.72055790332445, 411.182666453634, 136.96542916428342],
        [373.9780062182103, 395.9813649393371, 47.94134465846722],
        [381.4318298928632, 406.89277822175836, 41.78814864831757],
        [371.82462496571424, 419.69941794705704, 58.827989468463926],
        [384.0193799540118, 402.14333461034033, 39.41277939998727],
        [382.10603279839, 405.4228317480559, 41.20151526213356],
        [394.58059783842833, 417.95263188377226, 33.137726356971164],
        [398.2320103154124, 421.3829395935243, 30.85640577667764],
        [389.48882323390006, 418.00587346772147, 25.47955821223688],
        [398.1920252737201, 422.8374582940215, 29.39328223630763],
        [383.17435879216146, 413.81444767786815, 26.811106340457883],
        [396.75969884299883, 419.9368132044661, 16.860116098963317],
        [398.01688011153203, 420.8500492260879, 16.8092458542719],
        [401.7737554943074, 427.2717159064664, 29.40154113865671],
        [399.5374688881095, 424.48232148054706, 29.386267979243605],
        [400.2996660869085, 425.4567551423766, 29.35145676884415],
        [405.15333549454044, 425.1995311890207, 15.65299252325615],
        [396.8627016131869, 422.77692485173776, 28.105682058128835],
        [394.86548636843287, 405.6154489628035, 8.897769969542344],
        [391.4770552841722, 408.4805769935062, 13.168306141705507],
        [391.68755757893246, 410.3725399205646, 12.369854912516466],
        [399.8720440366311, 422.08348616384046, 16.628535013793396],
