{
  "id": 0,
  "metadata": {
    "date": "2019-03-01",
    "label": "Scan 1 de plante à silique",
    "nbPhotos": 72
  },
  "filesUri": {
    "mesh": "data/2018-11-06_11-06-49/3d/mesh.ply",
    "pointCloud": "data/2018-11-06_11-06-49/3d/point_cloud.ply"
  },
  "workspace": {
    "x": [
      200,
      600
    ],
    "y": [
      200,
      600
    ],
    "z": [
      -100,
      240
    ]
  },
  "camera": {
    "params": [
      1109.4329938340816,
      1109.4329938340816,
      808.0,
      540.0,
      -0.01585780935090864,
      -0.01585780935090864,
      0.0,
      0.0
    ],
    "poses": [{
      "tvec": [-421.70899167554853, 27.73023970459154, -27.246044938128687],
      "rotmat": [
        [0.030604746287176354, 0.9987006453969971, 0.04074764273328463],
        [-0.3431051282266577, -0.027792847975727897, 0.9388857377689616],
        [0.9387982853037529, -0.04271508498200527, 0.34180871993808704]
      ],
      "id": 0,
      "photoUri": "2018-11-06_11-06-49/undist/rgb-071.jpg"
    }, {
      "tvec": [-453.42339216232233, 18.124266658606377, 7.751826525232921],
      "rotmat": [
        [0.11687195304214681, 0.9921733935394512, 0.04396480119963947],
        [-0.345465926566358, -0.0008896118367281991, 0.9384308723461884],
        [0.9311252548254516, -0.12486458962888392, 0.3426581300407862]
      ],
      "id": 1,
      "photoUri": "2018-11-06_11-06-49/undist/rgb-070.jpg"
    }, {
      "tvec": [-482.4772398030493, 7.039082066032825, 45.595607672433786],
      "rotmat": [
        [0.20169869400162643, 0.9783435192912959, 0.04649295751789073],
        [-0.3450918087325998, 0.026560402622215706, 0.9381930443987575],
        [0.9166402131609225, -0.20527665057981637, 0.3429755331551084]
      ],
      "id": 2,
      "photoUri": "2018-11-06_11-06-49/undist/rgb-069.jpg"
    }, {
      "tvec": [-508.35695696944333, -3.6725800148649133, 82.6886317937706],
      "rotmat": [
        [0.28261182703202015, 0.9579784059671199, 0.04907065235269892],
        [-0.3422591872373828, 0.05291623601416606, 0.9381143430934735],
        [0.896096648790313, -0.28191709005803284, 0.3428316647568911]
      ],
      "id": 3,
      "photoUri": "2018-11-06_11-06-49/undist/rgb-068.jpg"
    }, {
      "tvec": [-530.1980850619362, -16.04514972214923, 123.55591265498215],
      "rotmat": [
        [0.3624914076260428, 0.9305781871050132, 0.051227112759137106],
        [-0.3377581533148979, 0.0799417037219946, 0.9378319433007895],
        [0.8686307669352957, -0.3572583962489507, 0.3432885507019245]
      ],
      "id": 4,
      "photoUri": "2018-11-06_11-06-49/undist/rgb-067.jpg"
    }, {
      "tvec": [-547.584919857499, -28.85864351037438, 168.6271565772727],
      "rotmat": [
        [0.4448861065708497, 0.8939031741586312, 0.05489505815056955],
        [-0.3268288817830589, 0.10498036320110748, 0.9392347977873258],
        [0.833822063879738, -0.4357938028142293, 0.3388576798835269]
      ],
      "id": 5,
      "photoUri": "2018-11-06_11-06-49/undist/rgb-066.jpg"
    }, {
      "tvec": [-562.7786088973161, -43.28079294093885, 212.6410758085534],
      "rotmat": [
        [0.5212628573510723, 0.8515144490455668, 0.05664076811644514],
        [-0.320689200724764, 0.13394162616745808, 0.9376662931545153],
        [0.7908498404151751, -0.5069346938672105, 0.34289028284430867]
      ],
      "id": 6,
      "photoUri": "2018-11-06_11-06-49/undist/rgb-065.jpg"
    }, {
      "tvec": [-573.3040438494603, -57.26432705260502, 257.3276793088127],
      "rotmat": [
        [0.5913795991959954, 0.804205835589096, 0.05935607516697833],
        [-0.3101244591533399, 0.15887126700812598, 0.9373274456421734],
        [0.7443742267768494, -0.5727240998278988, 0.34335712601705354]
      ],
      "id": 7,
      "photoUri": "2018-11-06_11-06-49/undist/rgb-064.jpg"
    }, {
      "tvec": [-580.6359293709709, -70.26604235956901, 303.15941519491],
      "rotmat": [
        [0.6579690048153559, 0.750349597357861, 0.06365744612522706],
        [-0.2965916800415419, 0.18051708530893085, 0.937788332856463],
        [0.6921778413330103, -0.6359159249904537, 0.34132209467174834]
      ],
      "id": 8,
      "photoUri": "2018-11-06_11-06-49/undist/rgb-063.jpg"
    }, {
      "tvec": [-583.6709423422584, -85.69323992837491, 348.79281611967383],
      "rotmat": [
        [0.7197391451082461, 0.69115028490262, 0.0654740152875814],
        [-0.2812496478168649, 0.20405420537844296, 0.9376889232950669],
        [0.6347237183229728, -0.6933059677706517, 0.34125157355221064]
      ],
      "id": 9,
      "photoUri": "2018-11-06_11-06-49/undist/rgb-062.jpg"
    }, {
      "tvec": [-580.4994502501561, -100.92881309056774, 394.73165077034224],
      "rotmat": [
        [0.7769352253488149, 0.6258521158716063, 0.06841626028379172],
        [-0.26498659736477304, 0.22649546053310143, 0.9372736577835405],
        [0.571098729493619, -0.7463303125405878, 0.3418147243081295]
      ],
      "id": 10,
      "photoUri": "2018-11-06_11-06-49/undist/rgb-061.jpg"
    }, {
      "tvec": [-575.945569545387, -113.90966501846508, 441.05014146100086],
      "rotmat": [
        [0.8276935390247593, 0.556538601313816, 0.07202909623430401],
        [-0.24519463164898944, 0.24319701454899564, 0.9384747224752362],
        [0.5047801482498948, -0.7944306120499868, 0.33775287499989903]
      ],
      "id": 11,
      "photoUri": "2018-11-06_11-06-49/undist/rgb-060.jpg"
    }, {
      "tvec": [-563.3186771151032, -128.8118391368816, 488.47625127530705],
      "rotmat": [
        [0.8744625947482232, 0.479259080865728, 0.07500602505094073],
        [-0.22357720227549546, 0.26096898904163796, 0.9390997930897692],
        [0.43049785714782246, -0.8379772790274941, 0.3353590237712563]
      ],
      "id": 12,
      "photoUri": "2018-11-06_11-06-49/undist/rgb-059.jpg"
    }, {
      "tvec": [-547.6236368498361, -143.5117292365592, 532.039593132952],
      "rotmat": [
        [0.912893636797811, 0.4008002294619934, 0.07735880012823146],
        [-0.2012657207599819, 0.2770785864619247, 0.9395315676289044],
        [0.35513000090253033, -0.873262064324035, 0.3336106255374574]
      ],
      "id": 13,
      "photoUri": "2018-11-06_11-06-49/undist/rgb-058.jpg"
    }, {
      "tvec": [-529.6489174660505, -157.8800204891687, 574.9256850309947],
      "rotmat": [
        [0.9440046948459118, 0.32032209106071885, 0.07904994678913825],
        [-0.17738616421327014, 0.29073653515850123, 0.9402161538017373],
        [0.27818929680090104, -0.9015908302009941, 0.3312773611988934]
      ],
      "id": 14,
      "photoUri": "2018-11-06_11-06-49/undist/rgb-057.jpg"
    }, {
      "tvec": [-505.17791520159125, -170.02915284559538, 616.2114355533581],
      "rotmat": [
        [0.9687065344673447, 0.23461232783374628, 0.08102287151599809],
        [-0.15146092295171262, 0.3001294791261449, 0.9417971568114252],
        [0.19663987108133119, -0.9245968588460052, 0.3262719873253261]
      ],
      "id": 15,
      "photoUri": "2018-11-06_11-06-49/undist/rgb-056.jpg"
    }, {
      "tvec": [-478.920475033857, -186.3186977928074, 653.6039137277913],
      "rotmat": [
        [0.9853018391055661, 0.14988574489850975, 0.08194235370922627],
        [-0.126050776334504, 0.31420152771918886, 0.9409509029510502],
        [0.11528871428139846, -0.9374495524854373, 0.3284765576174279]
      ],
      "id": 16,
      "photoUri": "2018-11-06_11-06-49/undist/rgb-055.jpg"
    }, {
      "tvec": [-450.34194078203444, -197.71923689352315, 690.422661717744],
      "rotmat": [
        [0.9944136683338676, 0.06460412216330927, 0.08347313118776128],
        [-0.09986615164443871, 0.31976882723091266, 0.9422179412891142],
        [0.03417905771830115, -0.9452905397447257, 0.32443425756632743]
      ],
      "id": 17,
      "photoUri": "2018-11-06_11-06-49/undist/rgb-054.jpg"
    }, {
      "tvec": [-417.7445029938489, -209.62165308200886, 722.8691024268173],
      "rotmat": [
        [0.9962323122203182, -0.02101302416556571, 0.08414055445251106],
        [-0.07278579227241513, 0.3249217806245141, 0.9429358752953841],
        [-0.04715303310960455, -0.9455074242390763, 0.3221681271903726]
      ],
      "id": 18,
      "photoUri": "2018-11-06_11-06-49/undist/rgb-053.jpg"
    }, {
      "tvec": [-380.3880120144896, -221.95120596059675, 754.161846608908],
      "rotmat": [
        [0.9904556385071706, -0.1088696608914934, 0.08452825022869155],
        [-0.04441870385631359, 0.32843125094534875, 0.9434828520700301],
        [-0.13047837712463384, -0.9382325459819886, 0.32046073513470763]
      ],
      "id": 19,
      "photoUri": "2018-11-06_11-06-49/undist/rgb-052.jpg"
    }, {
      "tvec": [-337.45362486382993, -233.7307254571836, 785.1115396384946],
      "rotmat": [
        [0.9764745237319575, -0.19814876219708524, 0.0850562904329213],
        [-0.015558503874607471, 0.3286789403757388, 0.9443135533871497],
        [-0.21507077314137857, -0.9234214759216098, 0.317863713479732]
      ],
      "id": 20,
      "photoUri": "2018-11-06_11-06-49/undist/rgb-051.jpg"
    }, {
      "tvec": [-290.4655171676384, -243.27455866232955, 811.5619800077972],
      "rotmat": [
        [0.9542592408213038, -0.2863714937346446, 0.0859108193613449],
        [0.012516493731908551, 0.3253583048075372, 0.9455079644706463],
        [-0.2987183266754959, -0.9011844101342157, 0.3140605359468737]
      ],
      "id": 21,
      "photoUri": "2018-11-06_11-06-49/undist/rgb-050.jpg"
    }, {
      "tvec": [-245.01695832347454, -252.24877422919892, 832.4873318163255],
      "rotmat": [
        [0.9254038649063737, -0.36884388699606874, 0.08707395616358055],
        [0.03921027197671348, 0.32170698469658326, 0.9460270453686535],
        [-0.37694859250016843, -0.8720428905868469, 0.3121713561316578]
      ],
      "id": 22,
      "photoUri": "2018-11-06_11-06-49/undist/rgb-049.jpg"
    }, {
      "tvec": [-200.94052400627433, -259.6636233696093, 849.2924876246162],
      "rotmat": [
        [0.8903406749773478, -0.44731422685944655, 0.08487322858249385],
        [0.06732613261683582, 0.3137144995755594, 0.9471274489860995],
        [-0.4502895450126962, -0.8375519059766934, 0.3094287162612209]
      ],
      "id": 23,
      "photoUri": "2018-11-06_11-06-49/undist/rgb-048.jpg"
    }, {
      "tvec": [-141.34099332029035, -268.2369256497474, 863.8221891703358],
      "rotmat": [
        [0.8430820609258118, -0.5308949918067437, 0.08580877705458381],
        [0.09563480042991815, 0.3050217037247569, 0.9475313953656505],
        [-0.5292132117510063, -0.7906404163280324, 0.30793036319405137]
      ],
      "id": 24,
      "photoUri": "2018-11-06_11-06-49/undist/rgb-047.jpg"
    }, {
      "tvec": [-91.87891478470077, -271.90727349047006, 871.8192337823895],
      "rotmat": [
        [0.7931636954925235, -0.603013761703439, 0.0852394002144054],
        [0.12031724560160081, 0.29236251390972984, 0.9487085542310808],
        [-0.597005119377956, -0.7422254129687634, 0.30444428682414343]
      ],
      "id": 25,
      "photoUri": "2018-11-06_11-06-49/undist/rgb-046.jpg"
    }, {
      "tvec": [-47.4261254887159, -274.3557792977114, 875.7006754977207],
      "rotmat": [
        [0.7405884709611272, -0.6665097381390672, 0.08540190656684205],
        [0.14209112798084844, 0.27955344908577895, 0.9495577815243129],
        [-0.6567639058509456, -0.6910966922725333, 0.3017391819127464]
      ],
      "id": 26,
      "photoUri": "2018-11-06_11-06-49/undist/rgb-045.jpg"
    }, {
      "tvec": [5.161137109650129, -276.77147046170506, 875.1888525963504],
      "rotmat": [
        [0.6769284446648195, -0.7310704580296205, 0.08546265968263278],
        [0.16536960045706173, 0.2641998624400751, 0.9501848914455109],
        [-0.7172313267338093, -0.6290742548245052, 0.29974123151253873]
      ],
      "id": 27,
      "photoUri": "2018-11-06_11-06-49/undist/rgb-044.jpg"
    }, {
      "tvec": [56.334263888135084, -277.31229155219194, 870.2866825825205],
      "rotmat": [
        [0.6097055968601661, -0.7881629387437361, 0.08401349384608642],
        [0.18688397124683898, 0.24595049253840934, 0.951095545416508],
        [-0.770281420292869, -0.5641875018209388, 0.2972524118331911]
      ],
      "id": 28,
      "photoUri": "2018-11-06_11-06-49/undist/rgb-043.jpg"
    }, {
      "tvec": [105.13141905871956, -276.64252258530314, 862.179241926923],
      "rotmat": [
        [0.538787915846936, -0.8384162947037175, 0.08225386624715098],
        [0.20665500554046284, 0.22619009195351175, 0.9519095287826114],
        [-0.8167014695850536, -0.4958791779025926, 0.29513141225607054]
      ],
      "id": 29,
      "photoUri": "2018-11-06_11-06-49/undist/rgb-042.jpg"
    }, {
      "tvec": [150.20590946543956, -273.7785454092537, 849.539752985291],
      "rotmat": [
        [0.4652487654259228, -0.8814169676482629, 0.08153352323673957],
        [0.2227980918467064, 0.20574855221630323, 0.9529053171907281],
        [-0.856682319497211, -0.42517250899209913, 0.292102278420149]
      ],
      "id": 30,
      "photoUri": "2018-11-06_11-06-49/undist/rgb-041.jpg"
    }, {
      "tvec": [196.8730135745462, -270.36133955572575, 832.4814917093839],
      "rotmat": [
        [0.3870770637179326, -0.9186764945852552, 0.07877083876696311],
        [0.2393006279900629, 0.18259460174997622, 0.9536217388751838],
        [-0.8904530061643147, -0.35027519139715707, 0.29051804437008727]
      ],
      "id": 31,
      "photoUri": "2018-11-06_11-06-49/undist/rgb-040.jpg"
    }, {
      "tvec": [242.3815693901905, -265.5859184705144, 812.9070610203977],
      "rotmat": [
        [0.30477889763526206, -0.9492922401836853, 0.07716259640055445],
        [0.25280690596043265, 0.15874414017903488, 0.9544050326027897],
        [-0.9182584014616733, -0.2713752764823268, 0.2883694981429091]
      ],
      "id": 32,
      "photoUri": "2018-11-06_11-06-49/undist/rgb-039.jpg"
    }, {
      "tvec": [284.5225680664816, -259.0936043204966, 788.737472634921],
      "rotmat": [
        [0.22157155184133848, -0.972300293955026, 0.07441898809841097],
        [0.2643832676854714, 0.13335525579399787, 0.9551533193786588],
        [-0.9386200163977827, -0.19195966796983116, 0.2866076598598487]
      ],
      "id": 33,
      "photoUri": "2018-11-06_11-06-49/undist/rgb-038.jpg"
    }, {
      "tvec": [326.2531440868401, -252.0983621321397, 761.0448513396373],
      "rotmat": [
        [0.13484345790827945, -0.9882395681656013, 0.07210962329123671],
        [0.2743667629710063, 0.10716736919069969, 0.9556348854858512],
        [-0.9521240051779757, -0.10907662853521954, 0.2855909099940683]
      ],
      "id": 34,
      "photoUri": "2018-11-06_11-06-49/undist/rgb-037.jpg"
    }, {
      "tvec": [361.3328637570338, -244.29666006019897, 731.9322581467865],
      "rotmat": [
        [0.050722634519136944, -0.9962611051287292, 0.06993586172430583],
        [0.28135789520497545, 0.08144423183929739, 0.956140456160042],
        [-0.958261420048446, -0.028820956052669933, 0.2844369936188785]
      ],
      "id": 35,
      "photoUri": "2018-11-06_11-06-49/undist/rgb-036.jpg"
    }, {
      "tvec": [289.1557106110365, 32.05659497563365, -118.45224996083056],
      "rotmat": [
        [-0.9799623524480625, 0.1983150103520157, 0.018572680300366698],
        [-0.04241711050239037, -0.2988848996144219, 0.9533460051414205],
        [0.19461391656581944, 0.9334553944627227, 0.30130789904573574]
      ],
      "id": 36,
      "photoUri": "2018-11-06_11-06-49/undist/rgb-015.jpg"
    }, {
      "tvec": [246.35937348385173, 41.50117575931025, -143.12786848065406],
      "rotmat": [
        [-0.9586832062441556, 0.2838999175958905, 0.018092729326253942],
        [-0.07001406548358766, -0.297113523152604, 0.9522718020577462],
        [0.27572548068665403, 0.9116602388767946, 0.30471473241577884]
      ],
      "id": 37,
      "photoUri": "2018-11-06_11-06-49/undist/rgb-014.jpg"
    }, {
      "tvec": [202.48382864884437, 49.607332826633275, -162.4328985551627],
      "rotmat": [
        [-0.9304165113213283, 0.3661519980252067, 0.016057079522712653],
        [-0.09840012059511363, -0.29176420868487074, 0.9514152945992402],
        [0.35304749216998665, 0.8836324806573381, 0.3074916379348268]
      ],
      "id": 38,
      "photoUri": "2018-11-06_11-06-49/undist/rgb-013.jpg"
    }, {
      "tvec": [153.6412740035669, 55.60836802897352, -178.4137744487347],
      "rotmat": [
        [-0.8936460054395062, 0.4483838262180052, 0.01867515322872057],
        [-0.12357491570310289, -0.2858680821802131, 0.9502676884960249],
        [0.4314232923371031, 0.8468951434367239, 0.31087386325052424]
      ],
      "id": 39,
      "photoUri": "2018-11-06_11-06-49/undist/rgb-012.jpg"
    }, {
      "tvec": [106.54561453885186, 61.26766438663066, -191.41327248680568],
      "rotmat": [
        [-0.8518796412737368, 0.5234503200854256, 0.01734471636538884],
        [-0.15007494416715683, -0.27569732130586455, 0.9494569490808923],
        [0.5017754357444724, 0.8062200378477559, 0.3134177127352701]
      ],
      "id": 40,
      "photoUri": "2018-11-06_11-06-49/undist/rgb-011.jpg"
    }, {
      "tvec": [58.9683723223413, 65.41016155918834, -199.0565634026444],
      "rotmat": [
        [-0.804347380053005, 0.5939108808864643, 0.01718015618471963],
        [-0.17521444848673695, -0.2647278274691759, 0.9482716248021656],
        [0.5677369014282547, 0.7597295853974062, 0.31699490189674917]
      ],
      "id": 41,
      "photoUri": "2018-11-06_11-06-49/undist/rgb-010.jpg"
    }, {
      "tvec": [8.299626060883163, 68.23993784150538, -202.9069440859886],
      "rotmat": [
        [-0.7483731866234835, 0.6629969132138437, 0.019304574896343407],
        [-0.19845906462082896, -0.25159696472763726, 0.9472660486946982],
        [0.6328914387261366, 0.7050773435650557, 0.31986616948093394]
      ],
      "id": 42,
      "photoUri": "2018-11-06_11-06-49/undist/rgb-009.jpg"
    }, {
      "tvec": [-42.63989314341868, 69.5374924598995, -203.05021481198],
      "rotmat": [
        [-0.686709710839494, 0.7266479497224305, 0.02031083954263352],
        [-0.220831529709748, -0.23515124637628382, 0.9465396593982383],
        [0.6925772220660966, 0.6455127020375884, 0.3219474227002609]
      ],
      "id": 43,
      "photoUri": "2018-11-06_11-06-49/undist/rgb-008.jpg"
    }, {
      "tvec": [-91.86998264151627, 70.0255335992556, -199.06584182141307],
      "rotmat": [
        [-0.6206479318828613, 0.7837891562100687, 0.021695696740051784],
        [-0.2415519183557177, -0.21745201917601376, 0.9457099397251505],
        [0.7459549687402053, 0.5817122810838564, 0.32428692025429606]
      ],
      "id": 44,
      "photoUri": "2018-11-06_11-06-49/undist/rgb-007.jpg"
    }, {
      "tvec": [-141.43047837167958, 68.7481680992017, -190.14319648352281],
      "rotmat": [
        [-0.5488751516654923, 0.8355890247767688, 0.02295755990500309],
        [-0.2613989850686375, -0.19766312392633856, 0.9447750314465172],
        [0.7939815101683851, 0.5125624558161569, 0.32691450013488366]
      ],
      "id": 45,
      "photoUri": "2018-11-06_11-06-49/undist/rgb-006.jpg"
    }, {
      "tvec": [-364.6632255253278, 44.022526081745475, -89.57077731438375],
      "rotmat": [
        [-0.14304463470224915, 0.9891944227531253, 0.032134506017854836],
        [-0.32783869259134996, -0.07799324871113655, 0.9415088129143971],
        [0.9338415412278973, 0.12414284977232565, 0.3354527220451658]
      ],
      "id": 46,
      "photoUri": "2018-11-06_11-06-49/undist/rgb-001.jpg"
    }, {
      "tvec": [-403.38781238660783, 35.253921016542726, -60.74845077490739],
      "rotmat": [
        [-0.060166012839900085, 0.9976529070536442, 0.03269140477804927],
        [-0.33393217840493955, -0.05098074450003598, 0.9412174371078951],
        [0.9406749444546088, 0.04571258839351944, 0.3362157166726205]
      ],
      "id": 47,
      "photoUri": "2018-11-06_11-06-49/undist/rgb-000.jpg"
    }, {
      "tvec": [-324.3730434483912, 51.17710373967045, -117.39326098148257],
      "rotmat": [
        [-0.22868428329039725, 0.9730432256390524, 0.029839229445580817],
        [-0.31866493437420423, -0.10378494944574268, 0.942168426486915],
        [0.9198674677236075, 0.20595039525694836, 0.3338087424218619]
      ],
      "id": 48,
      "photoUri": "2018-11-06_11-06-49/undist/rgb-002.jpg"
    }, {
      "tvec": [-281.32829839112435, 57.07107965757512, -140.67954111614247],
      "rotmat": [
        [-0.312916299262712, 0.9493655036034195, 0.0280807803231094],
        [-0.30722507643327546, -0.1291506820042998, 0.9428323571814835],
        [0.8987191675191406, 0.28640049215329577, 0.33208224286771626]
      ],
      "id": 49,
      "photoUri": "2018-11-06_11-06-49/undist/rgb-003.jpg"
    }, {
      "tvec": [-235.55934840144752, 62.62682430668737, -161.58257149790387],
      "rotmat": [
        [-0.3944030615076972, 0.918562550173109, 0.026250076053810634],
        [-0.29441649780763296, -0.15337029430659144, 0.9432902409348874],
        [0.8704970711564997, 0.36430810345610587, 0.3309296826580709]
      ],
      "id": 50,
      "photoUri": "2018-11-06_11-06-49/undist/rgb-004.jpg"
    }, {
      "tvec": [401.55740314517874, -0.7021742899004907, -29.75937948162073],
      "rotmat": [
        [-0.9979981885111013, -0.05849023756732894, 0.024052189876951312],
        [0.040143929513238204, -0.2920144131668395, 0.9555710582819376],
        [-0.048867992099079126, 0.9546237345740695, 0.293777883333754]
      ],
      "id": 51,
      "photoUri": "2018-11-06_11-06-49/undist/rgb-018.jpg"
    }, {
      "tvec": [329.0252054336684, 22.52549846954898, -93.26506857676524],
      "rotmat": [
        [-0.9930297713931199, 0.11606890106527899, 0.020491054936878625],
        [-0.015292386752102441, -0.2992639800565968, 0.9540478044354531],
        [0.11686751488053394, 0.9470845159995928, 0.2989530122267795]
      ],
      "id": 52,
      "photoUri": "2018-11-06_11-06-49/undist/rgb-016.jpg"
    }, {
      "tvec": [366.2599887080677, 11.321722831426992, -63.00766191164447],
      "rotmat": [
        [-0.999304963903921, 0.02972319753691941, 0.022497125264471153],
        [0.012650402207440604, -0.29729172478769694, 0.9547028845126356],
        [0.035065031598075315, 0.9543239292299749, 0.29670908590417]
      ],
      "id": 53,
      "photoUri": "2018-11-06_11-06-49/undist/rgb-017.jpg"
    }, {
      "tvec": [-189.09086460546752, 66.41173890148484, -177.8948368989133],
      "rotmat": [
        [-0.4753367330190361, 0.879469013804701, 0.024274348604583995],
        [-0.2787484979091734, -0.17671294571259266, 0.943966000304544],
        [0.8344784390001757, 0.44193527645455655, 0.32914882085291614]
      ],
      "id": 54,
      "photoUri": "2018-11-06_11-06-49/undist/rgb-005.jpg"
    }, {
      "tvec": [432.69298395280344, -13.330560347778851, 5.892655566742915],
      "rotmat": [
        [-0.9893570796991229, -0.14315311149019588, 0.026072121507459113],
        [0.06644502787456101, -0.2850627264347946, 0.9562030643478983],
        [-0.12945125383700604, 0.9477586341829007, 0.29154063903989413]
      ],
      "id": 55,
      "photoUri": "2018-11-06_11-06-49/undist/rgb-019.jpg"
    }, {
      "tvec": [460.6246474476349, -26.53036712222343, 44.04246489786976],
      "rotmat": [
        [-0.9732214081912747, -0.22818292269015128, 0.027796482345308376],
        [0.09193343580145698, -0.275540323335841, 0.95688336467812],
        [-0.21068539109281398, 0.9338148017720435, 0.2891393815645099]
      ],
      "id": 56,
      "photoUri": "2018-11-06_11-06-49/undist/rgb-020.jpg"
    }, {
      "tvec": [485.3197015876467, -40.90032680730738, 85.4206269593305],
      "rotmat": [
        [-0.9498504077492075, -0.3112537153663918, 0.03008866180608291],
        [0.11702150641999837, -0.264578105070555, 0.9572378979921701],
        [-0.2899830511148159, 0.912753828251567, 0.2877329996337763]
      ],
      "id": 57,
      "photoUri": "2018-11-06_11-06-49/undist/rgb-021.jpg"
    }, {
      "tvec": [505.5202808583043, -55.34799810291705, 127.99789963221558],
      "rotmat": [
        [-0.9182454817582687, -0.39466722893134254, 0.03260388992407093],
        [0.1416641200126164, -0.25048366536466926, 0.9576999584872768],
        [-0.3698060469105078, 0.8840224611361048, 0.28591567965973375]
      ],
      "id": 58,
      "photoUri": "2018-11-06_11-06-49/undist/rgb-022.jpg"
    }, {
      "tvec": [521.3104602782892, -70.53274075789562, 172.66902204125168],
      "rotmat": [
        [-0.8803939722812445, -0.47292218208092984, 0.03537037272441054],
        [0.16446919594678003, -0.23451940414997263, 0.9580973503051565],
        [-0.4448104508163804, 0.8493204688296133, 0.2842506008288719]
      ],
      "id": 59,
      "photoUri": "2018-11-06_11-06-49/undist/rgb-023.jpg"
    }, {
      "tvec": [533.5532337857205, -85.6023705449984, 217.640634235924],
      "rotmat": [
        [-0.8362366832845692, -0.5470267969565975, 0.038339182837247465],
        [0.18610742391558277, -0.21734528255371832, 0.9581884234925558],
        [-0.5158219036573845, 0.8084075157759542, 0.2835578462046543]
      ],
      "id": 60,
      "photoUri": "2018-11-06_11-06-49/undist/rgb-024.jpg"
    }, {
      "tvec": [542.8150241167463, -100.45132623084693, 263.094911040219],
      "rotmat": [
        [-0.785868421161054, -0.6170503930621191, 0.04073864312561054],
        [0.205087522057545, -0.19791385116514493, 0.9585244993286695],
        [-0.5833951773181945, 0.7616291223022298, 0.2820835818388009]
      ],
      "id": 61,
      "photoUri": "2018-11-06_11-06-49/undist/rgb-025.jpg"
    }, {
      "tvec": [546.2054144246845, -115.7588011747347, 310.3224265801398],
      "rotmat": [
        [-0.729314468507043, -0.6828121775459409, 0.043219627731619026],
        [0.2228323330551281, -0.1773325853916684, 0.958592147632931],
        [-0.6468741433783682, 0.7087458531471468, 0.281483850824919]
      ],
      "id": 62,
      "photoUri": "2018-11-06_11-06-49/undist/rgb-026.jpg"
    }, {
      "tvec": [547.1094807083939, -130.67573981341658, 356.52397133421437],
      "rotmat": [
        [-0.6683104431850616, -0.7424273107134991, 0.04650634189558034],
        [0.2384737131977696, -0.15460896259964108, 0.9587629304460676],
        [-0.7046214867880876, 0.6518418189949036, 0.28037618188063074]
      ],
      "id": 63,
      "photoUri": "2018-11-06_11-06-49/undist/rgb-027.jpg"
    }, {
      "tvec": [543.0154180727311, -145.38110665482063, 403.9089523351244],
      "rotmat": [
        [-0.6007536823821761, -0.7978912751562799, 0.04964399393423169],
        [0.25150455121183257, -0.1296885282340693, 0.9591279092822897],
        [-0.7588415340662311, 0.5886853137916448, 0.2785841479733584]
      ],
      "id": 64,
      "photoUri": "2018-11-06_11-06-49/undist/rgb-028.jpg"
    }, {
      "tvec": [533.2495156415727, -161.0204975106836, 449.3825154673963],
      "rotmat": [
        [-0.5295467329591752, -0.8466508651337386, 0.05256015772956629],
        [0.2656561536380189, -0.10667555478165569, 0.9581477621151551],
        [-0.8056097477355386, 0.5213469464572691, 0.2814077038269628]
      ],
      "id": 65,
      "photoUri": "2018-11-06_11-06-49/undist/rgb-029.jpg"
    }, {
      "tvec": [519.8382796531737, -174.7906381763223, 496.4317135412012],
      "rotmat": [
        [-0.4534968394426586, -0.8895883379692364, 0.05452710853008663],
        [0.2744167297445838, -0.08116153297605433, 0.9581796616508125],
        [-0.8479599489668179, 0.44949459898213345, 0.28092442121339867]
      ],
      "id": 66,
      "photoUri": "2018-11-06_11-06-49/undist/rgb-030.jpg"
    }, {
      "tvec": [505.07426278246214, -187.97151169765553, 538.5571252157112],
      "rotmat": [
        [-0.3771605000139432, -0.9243680724046356, 0.057390103224955136],
        [0.28154896884512415, -0.05540274087238661, 0.9579460916179336],
        [-0.8823152131588121, 0.3774575512859237, 0.2811506030684523]
      ],
      "id": 67,
      "photoUri": "2018-11-06_11-06-49/undist/rgb-031.jpg"
    }, {
      "tvec": [483.96389549667356, -200.43626409515176, 580.3227935748247],
      "rotmat": [
        [-0.2956904771625005, -0.9533939032119638, 0.06006002858532605],
        [0.2860098142668099, -0.028366532415735057, 0.9578067268409491],
        [-0.9114633990778118, 0.30039208570960096, 0.2810677266862163]
      ],
      "id": 68,
      "photoUri": "2018-11-06_11-06-49/undist/rgb-032.jpg"
    }, {
      "tvec": [458.25939018218304, -212.71115975454717, 623.06321095171],
      "rotmat": [
        [-0.21011139140569002, -0.9756444893970823, 0.06301613690692259],
        [0.2875856148219377, -0.00007277014454409869, 0.957754931520582],
        [-0.9344237354375442, 0.21935775576353134, 0.280596610167218]
      ],
      "id": 69,
      "photoUri": "2018-11-06_11-06-49/undist/rgb-033.jpg"
    }, {
      "tvec": [430.54934977069234, -223.58435538897513, 660.6416058820557],
      "rotmat": [
        [-0.12516309650018986, -0.9900039902722688, 0.06500998784394585],
        [0.2878757538636482, 0.026467335351692545, 0.9573019536681295],
        [-0.949453395176362, 0.13853367606602668, 0.28168541137892217]
      ],
      "id": 70,
      "photoUri": "2018-11-06_11-06-49/undist/rgb-034.jpg"
    }, {
      "tvec": [396.35348785190854, -234.4962123157898, 697.9357758876193],
      "rotmat": [
        [-0.03573346853334347, -0.997071503989008, 0.06761312860439095],
        [0.2858939455572248, 0.054629670040217904, 0.9567028018381776],
        [-0.9575947844053344, 0.053516493573423585, 0.2831045986827248]
      ],
      "id": 71,
      "photoUri": "2018-11-06_11-06-49/undist/rgb-035.jpg"
    }]
  },
  "data": {
    "skeleton": {
      "points": [
        [384.05804408857176, 331.0168645390101, 226.28724394351278],
        [387.0069997003575, 344.57145504794926, 237.73306567730887],
        [392.52475433710487, 334.47232170702785, 181.11146867379364],
        [401.20317511713216, 337.7419592198239, 222.72058650185238],
        [386.70067601804715, 340.6946511520223, 232.27496795349867],
        [391.34917490693977, 334.41163213569405, 220.04092177109214],
        [392.25284966941354, 334.52713177650736, 183.10762639751388],
        [391.20316922392266, 334.30851003324034, 195.55270748621808],
        [386.3407182206851, 335.50139271018594, 226.8390285072187],
        [386.48351452534627, 338.43243030073717, 229.43395740987776],
        [390.7286164883313, 334.0055540295612, 205.07389701998986],
        [388.1833689226321, 327.9427195130358, 206.60044685069468],
        [388.31310036820287, 315.47722273098134, 180.32110690605975],
        [365.4869869088402, 314.32224404826167, 120.4045289972004],
        [380.30076002146524, 307.19075261862804, 145.50202084448065],
        [385.97242003700484, 292.0450493354855, 99.07149293687205],
        [385.64847993064586, 292.01478223163946, 100.05977570708798],
        [384.6854863101008, 291.55869452366915, 103.75171507423462],
        [399.2462392847225, 337.2514699289642, 221.7598016142791],
        [384.6504452071623, 292.8127293366014, 118.14469489547095],
        [390.94249100709544, 291.9553678121005, 116.282713619079],
        [390.0995251655349, 333.8262750999766, 218.93173753709434],
        [382.44452704908815, 275.6056130184672, 144.78151643451162],
        [381.521844859677, 272.8969022087823, 145.02016378790316],
        [382.59202346763686, 276.0956717194538, 144.74346822075924],
        [383.35532888937854, 286.0315622832099, 145.3891997283276],
        [382.0856826776572, 274.47799630250074, 144.87446015028846],
        [388.13447421097067, 327.02271242596703, 205.17403206724276],
        [390.8787882892334, 334.12527524514036, 203.4601832083693],
        [383.1902902107681, 283.6298330814909, 145.1418352517125],
        [391.81451269063587, 291.1641824293771, 115.507246241537],
        [376.8756626287748, 309.0656747476237, 140.02000037659198],
        [370.11671378908886, 312.18904967899044, 128.78796302413153],
        [375.1599484675275, 280.10955578722815, 108.22704403085622],
        [383.01005455364964, 281.1276310994891, 144.99171056097674],
        [388.36243870460015, 277.4098277799291, 105.44561494804088],
        [387.0442074942101, 281.0721302871691, 107.24428600751682],
        [383.6287993042103, 297.49981168925063, 127.36946487828003],
        [382.8747001115186, 279.1990487755499, 144.87550205867527],
        [386.0327706603138, 333.6791704022006, 225.66475413816423],
        [388.98052751654217, 275.4070597755904, 104.37209473678912],
        [390.12468867191524, 292.5828112893084, 117.01808018209783],
        [377.62155191932516, 284.55629259723486, 111.54846998781582],
        [382.2529403252594, 288.871388830906, 113.03963312075749],
        [381.38807182084867, 288.6388591925637, 113.38278497807542],
        [376.10751425506777, 282.00038035982845, 109.85489304079022],
        [379.2764862152871, 326.1772674839665, 230.2524570209038],
        [386.9506350806469, 343.1680194588219, 235.5921207943433],
        [392.1528256421316, 332.2280671656834, 174.4144842162587],
        [397.16627571547383, 336.5397487530931, 221.20802541922043],
        [380.99647708801405, 272.3276718872734, 145.12813763896912],
        [388.93172118142877, 333.6474403188353, 221.11852654706937],
        [382.72990353705586, 290.5222201675449, 115.14040770202136],
        [391.91500210706744, 334.48728325287067, 185.63386234633262],
        [376.3644203790659, 282.4924495288643, 110.25008327157016],
        [383.29979280681755, 288.54895407386795, 111.52407294423988],
        [388.40258231121584, 329.1048599855149, 208.14299783959484],
        [388.30139180884373, 314.5651257697955, 178.19142631567428],
        [388.29744339370427, 316.9528283810342, 183.76016030126837],
        [378.5528077277751, 308.3586512355755, 142.5765864400759],
        [376.6658672703213, 283.02005984666954, 110.62142094594658],
        [367.3662990371125, 314.15379328941555, 122.68408390964973],
        [387.52864031446757, 310.8823387456254, 169.53677295473466],
        [384.53313637100797, 299.8350927802016, 150.01963528337592],
        [386.7603405479661, 309.53213756508967, 166.41517608501724],
        [388.29311720934487, 316.6719646298506, 183.11182691130156],
        [384.58025908854177, 305.4553147517245, 156.2542927990297],
        [383.31027795364906, 304.00451299918103, 149.13363862193555],
        [384.4512992429213, 294.4381536212604, 148.02874551998556],
        [383.25578546522274, 309.3083639271965, 158.88748655503795],
        [400.3938761386412, 337.54027768763433, 222.32479705967816],
        [386.8893548294759, 342.55650883932736, 234.75166867927433],
        [384.3328088886021, 293.61156875235446, 147.70067713603353],
        [378.0724243262592, 308.5728358824319, 141.84530543100652],
        [385.26151625265237, 304.924967214886, 157.92859340590084],
        [385.2809280909629, 305.3157864188683, 158.59597316271996],
        [384.3751960981956, 302.77554627024546, 146.00562349358745],
        [378.8241441670252, 308.1831168685335, 143.02825232201644],
        [384.7339123217304, 300.6931709500499, 138.2508708401174],
        [384.552370790489, 300.33324730239184, 136.96972053827002],
        [383.7576392320017, 298.74517027333457, 131.39691639148356],
        [383.88199774325307, 299.0659482632047, 132.51223469689555],
        [383.62272042494067, 298.115823220284, 129.28359207139047],
        [388.27073123223414, 322.96286530325324, 197.31469794579212],
        [388.3003245207922, 320.58753415314277, 192.0876331348997],
        [376.51480481292054, 323.25243142415485, 233.84794222258265],
        [384.2194887494132, 291.0186276709631, 105.93004132312834],
        [388.7606460570377, 330.21419899861013, 209.3911911894212],
        [384.77474436263566, 286.1249376398188, 109.50930661090963],
        [384.9070690204664, 301.12401870514844, 139.84101221650926],
        [391.65324052720206, 334.42990767323, 188.9415537150851],
        [370.59467030808366, 311.90392065972713, 129.71395821864365],
        [394.4430028696737, 336.3922119104764, 176.8125702001092],
        [383.8547783511467, 296.29079673708355, 124.52360989933945],
        [375.53764401276766, 309.6065710552598, 137.9765215548915],
        [391.2498052937193, 334.3106754189023, 193.96520344024788],
        [392.5167039245539, 333.24825487913705, 176.1962659177109],
        [392.13634941315314, 334.5692589768754, 183.93675056168968],
        [388.1590899678396, 325.30540415021176, 202.11519976283384],
        [391.32487983449914, 334.33402391427455, 192.98802717229788],
        [390.58793602026697, 333.86493010339626, 206.2295231710348],
        [391.0770400646465, 334.27715588005935, 200.13751933333],
        [391.0145220055773, 334.2334963978513, 201.32784072238704],
        [386.4999748226555, 336.8323285541573, 227.78147395163887],
        [383.60934308955297, 297.7946440182831, 128.26106033199935],
        [388.30002458250385, 319.3468343029009, 189.27389482807308],
        [388.1252375916176, 312.5352210004393, 173.43152862070747],
        [387.8205588058245, 311.5043475864862, 170.99389480551176],
        [388.2571341417882, 313.61316410451354, 175.965161091991],
        [385.12065579460733, 306.2034728439377, 159.31428917085105],
        [388.16354202499235, 312.7786716824935, 174.01011006463023],
        [391.1555363953908, 334.3109872072155, 197.51626555000408],
        [371.9554790716318, 311.1502968153521, 132.22506841542926],
        [368.28308848378344, 313.45379831723733, 124.85430055022555],
        [377.108129014877, 283.7878083330806, 111.14557499508969],
        [385.021016009992, 291.7997392198811, 102.3509726064154],
        [375.41129457354714, 280.61914532230065, 108.67814440335532],
        [373.49100555668645, 310.4482308878385, 134.76416292622935],
        [372.39440608354744, 310.94222665114825, 132.96714019885607],
        [387.5350835875803, 279.809172138177, 106.65720962010201],
        [392.4141897106581, 290.5397750388283, 114.98985128913534],
        [389.6889062971522, 292.86972695735693, 117.3970576532743],
        [394.6958323728213, 287.64845971430327, 113.19458848136453],
        [395.3036711550587, 286.76735794834167, 112.77324311005965],
        [394.97836503892154, 287.2446813513498, 112.99543786128025],
        [383.51503869648934, 287.2855341788127, 145.75985412987586],
        [382.7331059000415, 276.56592809867976, 144.71243220332246],
        [383.2700759170662, 284.73117308446234, 145.20828423632173],
        [383.6849780559906, 297.037411289464, 125.99928186438524],
        [388.29650433069077, 322.3022868522549, 195.90796293446485],
        [384.7368370928064, 296.4479144024908, 148.88207508642782],
        [388.3038551995317, 319.57930707478585, 189.8106804613162],
        [388.30673699195876, 316.3238975047578, 182.3000008547827],
        [383.6996404552685, 289.9920998364937, 108.68440231485349],
        [386.2706360493729, 283.13167307855986, 108.23119904040523],
        [395.4540715007578, 337.76668569746164, 176.05147196439776],
        [384.6205255995399, 298.4914249928262, 149.54694217523982],
        [383.8841718437357, 290.1858972248788, 146.6246251683379],
        [375.7485578094437, 281.29253432044317, 109.25305950130385],
        [367.9080667868726, 313.81259256984976, 123.85775855931051],
        [373.905635088961, 310.27382999894843, 135.42537497677546],
        [368.6661445830236, 313.16687545772976, 125.72790018582921],
        [385.0404760716021, 301.89863051871504, 142.9615382751678],
        [384.818453470181, 300.8773980121133, 138.92192138819496],
        [385.0046234826663, 301.4459164436242, 141.07045680164387],
        [384.1599216347807, 299.6109416755567, 134.42922629746116],
        [391.2213945466077, 334.3085868134121, 194.8871808429433],
        [391.1241061827073, 334.303686749738, 198.72750045673786],
        [388.21256672098735, 328.46000054386155, 207.42124281632468],
        [394.35677055114684, 288.1199523338947, 113.44448549170615],
        [388.2829346045465, 314.05285055982364, 176.9967634473475],
        [385.01654263949405, 302.05162001565446, 143.62767750664153],
